996.70
1100.19
1109.81
1112.60
1115.44
1120.07
1120.84
1121.65
1124.58
1119.20
1124.75
1126.64
1125.68
1116.66
1108.02
1123.52
1120.75
1121.01
1093.46
1103.89
1121.31
1087.24
1124.37
1120.39
1123.62
1120.86
1093.67
1119.90
1126.11
1118.90
1124.17
1116.87
1098.72
1099.50
1106.35
1127.30
1125.01
1123.38
1122.51
1096.92
1118.50
1121.63
1121.50
1124.96
1088.19
1119.46
1125.13
1127.99
1121.40
1117.70
1094.31
1124.40
1124.51
1126.53
1126.30
1124.36
1121.55
1115.59
1115.05
1123.51
1105.24
1111.49
1123.64
1122.50
1119.40
1122.49
1125.65
1120.77
1118.78
1124.54
1121.14
1124.24
1121.22
1123.69
1122.92
1122.02
1128.21
1121.98
1119.32
1119.05
1111.80
1125.96
1121.43
1121.42
1105.19
1115.31
1121.27
1125.67
1122.44
1119.84
1123.78
1117.69
1124.02
1124.73
1123.61
1125.78
1124.68
1120.46
1120.60
1116.38
