       0     8.965
    1000     9.660
    2000     9.371
    3000     9.565
    4000     9.482
    5000     9.819
    6000     9.589
    7000     9.254
    8000     9.571
    9000     9.363
   10000     9.644
   11000     9.323
   12000     9.389
   13000     9.605
   14000     9.464
   15000     9.442
   16000     9.772
   17000     9.846
   18000     9.548
   19000     9.613
   20000     9.753
   21000     9.326
   22000     9.345
   23000     9.504
   24000     9.783
   25000     9.308
   26000     9.428
   27000     9.907
   28000     9.259
   29000     9.386
   30000     9.749
   31000     9.709
   32000     9.410
   33000     9.538
   34000     9.758
   35000    10.096
   36000     9.588
   37000     9.498
   38000     9.441
   39000     9.592
   40000     9.266
   41000     9.494
   42000     9.445
   43000     9.672
   44000     9.422
   45000     9.731
   46000     9.362
   47000     9.719
   48000     9.252
   49000     9.421
   50000     9.552
   51000     9.246
   52000     9.404
   53000     9.294
   54000     9.775
   55000     9.542
   56000     9.667
   57000     9.753
   58000     9.335
   59000     9.843
   60000     9.729
   61000     9.396
   62000     9.570
   63000     9.729
   64000     9.521
   65000     9.466
   66000     9.653
   67000     9.638
   68000     9.993
   69000     9.665
   70000     9.518
   71000     9.243
   72000     9.493
   73000     9.740
   74000     9.528
   75000     9.450
   76000     9.413
   77000     9.221
   78000     9.596
   79000     9.624
   80000     9.471
   81000     9.715
   82000     9.460
   83000     9.550
   84000     9.570
   85000     9.416
   86000     9.569
   87000     9.628
   88000     9.745
   89000     9.491
   90000     9.348
   91000     9.531
   92000     9.360
   93000     9.356
   94000     9.186
   95000     9.233
   96000     9.576
   97000     9.614
   98000     9.324
   99000     9.374
  100000     9.625
  101000     9.743
  102000     9.431
  103000     9.440
  104000     9.453
  105000     9.770
  106000     9.573
  107000     9.425
  108000     9.340
  109000     9.786
  110000     9.617
  111000     9.781
  112000     9.590
  113000     9.464
  114000     9.306
  115000     9.652
  116000     9.619
  117000     9.702
  118000     9.637
  119000     9.226
  120000     9.224
  121000     9.242
  122000     9.952
  123000     9.387
  124000     9.223
  125000     9.657
  126000     9.816
  127000     9.885
  128000     9.772
  129000     9.497
  130000     9.695
  131000     9.745
  132000     9.434
  133000     9.650
  134000     9.482
  135000     9.365
  136000     9.251
  137000     9.511
  138000     9.321
  139000     9.448
  140000     9.350
  141000     9.706
  142000    10.072
  143000     9.598
  144000     9.169
  145000     9.561
  146000     9.722
  147000     9.477
  148000     9.416
  149000     9.683
  150000     9.754
  151000     9.493
  152000     9.469
  153000     9.496
  154000     9.372
  155000     9.270
  156000     9.351
  157000     9.458
  158000     9.510
  159000     9.535
  160000     9.448
  161000     9.752
  162000     9.449
  163000     9.604
  164000     9.343
  165000     9.788
  166000     9.404
  167000     9.454
  168000     9.196
  169000     9.505
  170000     9.210
  171000     9.635
  172000     9.514
  173000     9.413
  174000     9.434
  175000     9.527
  176000     9.468
  177000     9.555
  178000     8.936
  179000     9.523
  180000     9.729
  181000     9.214
  182000     9.555
  183000     9.543
  184000     9.780
  185000     9.861
  186000     9.662
  187000     9.661
  188000     9.484
  189000     9.624
  190000     9.702
  191000     9.559
  192000     9.765
  193000     9.479
  194000     9.453
  195000     9.412
  196000     9.535
  197000     9.532
  198000     9.398
  199000     9.681
  200000     9.950
  201000     9.345
  202000     9.576
  203000     9.790
  204000     9.370
  205000     9.443
  206000     9.723
  207000     9.452
  208000     9.452
  209000     9.650
  210000     9.447
  211000     9.802
  212000     9.606
  213000     9.545
  214000     9.510
  215000     9.320
  216000     9.644
  217000     9.119
  218000     9.293
  219000     9.380
  220000     9.384
  221000     9.402
  222000     9.518
  223000     9.232
  224000     9.330
  225000     9.724
  226000     9.733
  227000     9.385
  228000     9.487
  229000     9.420
  230000     9.489
  231000     9.246
  232000     9.733
  233000     9.563
  234000     9.436
  235000     9.398
  236000     9.555
  237000     9.889
  238000    10.059
  239000     9.303
  240000     9.203
  241000     9.827
  242000     9.332
  243000     9.516
  244000     9.337
  245000     9.710
  246000     9.296
  247000     9.344
  248000     9.327
  249000     9.430
  250000     9.536
  251000     9.365
  252000     9.585
  253000     9.502
  254000     9.319
  255000     9.272
  256000     9.520
  257000     9.624
  258000     9.386
  259000     9.555
  260000     9.192
  261000     9.293
  262000     9.383
  263000     9.271
  264000     9.837
  265000     9.637
  266000     9.634
  267000     9.429
  268000     9.598
  269000     9.463
  270000     9.337
  271000     9.502
  272000     9.390
  273000     9.491
  274000     9.519
  275000     9.594
  276000     9.316
  277000     9.474
  278000     9.604
  279000     9.566
  280000     9.662
  281000     9.827
  282000     9.462
  283000     9.648
  284000     9.484
  285000     9.880
  286000     9.739
  287000     9.703
  288000     9.611
  289000     9.497
  290000     9.821
  291000     9.801
  292000     9.718
  293000     9.583
  294000     9.661
  295000     9.264
  296000     9.565
  297000     9.136
  298000     9.466
  299000     9.518
  300000     9.568
  301000     9.723
  302000     9.647
  303000     9.846
  304000     9.425
  305000     9.477
  306000     9.185
  307000     9.540
  308000     9.512
  309000     9.324
  310000     9.135
  311000     9.592
  312000     9.665
  313000     9.522
  314000     9.535
  315000     9.369
  316000     9.247
  317000     9.417
  318000     9.513
  319000     9.333
  320000     9.792
  321000     9.665
  322000     9.748
  323000     9.534
  324000     9.723
  325000     9.422
  326000     9.604
  327000     9.751
  328000     9.534
  329000     9.696
  330000     9.969
  331000     9.238
  332000     9.384
  333000     9.319
  334000     9.602
  335000     9.550
  336000     9.743
  337000     9.637
  338000     9.479
  339000     9.873
  340000     9.535
  341000     9.778
  342000     9.225
  343000     9.519
  344000     9.281
  345000     9.241
  346000     9.458
  347000     9.609
  348000     9.365
  349000     9.397
  350000     9.447
  351000     9.459
  352000     9.604
  353000     9.664
  354000     9.896
  355000     9.770
  356000     9.865
  357000     9.634
  358000     9.574
  359000     9.384
  360000     9.682
  361000     9.638
  362000     9.573
  363000     9.481
  364000     9.357
  365000     9.318
  366000     9.704
  367000     9.309
  368000     9.120
  369000     9.580
  370000     9.328
  371000     9.420
  372000     9.929
  373000     9.080
  374000     9.901
  375000     9.611
  376000     9.036
  377000     9.057
  378000     9.482
  379000     9.686
  380000     9.413
  381000     9.384
  382000     9.563
  383000     9.353
  384000     9.812
  385000     9.753
  386000     9.772
  387000     9.444
  388000     9.311
  389000     9.468
  390000     9.696
  391000     9.433
  392000     9.411
  393000     9.457
  394000     9.746
  395000     9.647
  396000     9.503
  397000     9.204
  398000     9.584
  399000     9.259
  400000     9.487
  401000     9.026
  402000     9.550
  403000     9.470
  404000     9.389
  405000     9.462
  406000     9.505
  407000     9.591
  408000     9.723
  409000     9.600
  410000     9.774
  411000     9.384
  412000     9.379
  413000     9.707
  414000     9.702
  415000     9.582
  416000     9.367
  417000     9.703
  418000     9.599
  419000     9.557
  420000     9.403
  421000     9.735
  422000     9.245
  423000     9.476
  424000     9.521
  425000     9.853
  426000     9.811
  427000     9.273
  428000     9.577
  429000     9.356
  430000     9.734
  431000     9.143
  432000     9.243
  433000     9.419
  434000     9.507
  435000     9.285
  436000     9.374
  437000     9.584
  438000     9.385
  439000     9.220
  440000     9.336
  441000     9.270
  442000     9.195
  443000     9.598
  444000     9.443
  445000     9.673
  446000     9.751
  447000     9.411
  448000     9.571
  449000     9.685
  450000     9.391
  451000     9.520
  452000     9.292
  453000     9.613
  454000     9.517
  455000     9.564
  456000     9.441
  457000     9.819
  458000     9.817
  459000     9.593
  460000     9.260
  461000     9.797
  462000     9.505
  463000     9.775
  464000     9.080
  465000     9.714
  466000     9.410
  467000     9.345
  468000     9.598
  469000     9.163
  470000     9.721
  471000     9.674
  472000     9.880
  473000     9.751
  474000     9.653
  475000     9.528
  476000     9.502
  477000     9.421
  478000     9.432
  479000     9.388
  480000     9.556
  481000     9.722
  482000     9.522
  483000     9.605
  484000     9.568
  485000     9.582
  486000     9.561
  487000     9.410
  488000     9.491
  489000     9.626
  490000     9.598
  491000     9.583
  492000     9.920
  493000     9.255
  494000     9.600
  495000     9.195
  496000     9.358
  497000     9.190
  498000     9.278
  499000     9.606
