       0     6.210
    1000     6.758
    2000     7.081
    3000     6.972
    4000     6.988
    5000     7.233
    6000     7.060
    7000     6.739
    8000     6.950
    9000     6.934
   10000     6.899
   11000     7.198
   12000     6.931
   13000     6.760
   14000     7.133
   15000     7.067
   16000     7.007
   17000     7.096
   18000     6.613
   19000     6.910
   20000     6.976
   21000     7.097
   22000     6.967
   23000     6.842
   24000     6.770
   25000     6.874
   26000     6.919
   27000     7.209
   28000     7.099
   29000     7.053
   30000     7.035
   31000     6.815
   32000     6.798
   33000     7.099
   34000     7.154
   35000     7.278
   36000     7.070
   37000     7.226
   38000     7.042
   39000     6.983
   40000     7.006
   41000     7.057
   42000     7.074
   43000     7.213
   44000     6.791
   45000     7.287
   46000     6.845
   47000     7.117
   48000     7.026
   49000     6.807
   50000     7.049
   51000     6.974
   52000     6.884
   53000     6.800
   54000     6.715
   55000     6.819
   56000     6.790
   57000     6.988
   58000     6.696
   59000     7.099
   60000     6.816
   61000     6.697
   62000     6.868
   63000     6.872
   64000     6.882
   65000     6.941
   66000     7.359
   67000     6.733
   68000     6.817
   69000     7.191
   70000     6.964
   71000     6.737
   72000     6.790
   73000     6.905
   74000     6.869
   75000     6.655
   76000     6.994
   77000     6.695
   78000     7.029
   79000     6.752
   80000     6.891
   81000     6.975
   82000     6.905
   83000     7.020
   84000     6.786
   85000     7.006
   86000     6.834
   87000     7.001
   88000     6.869
   89000     7.028
   90000     6.944
   91000     7.012
   92000     7.201
   93000     6.846
   94000     6.550
   95000     7.119
   96000     7.075
   97000     6.958
   98000     6.950
   99000     6.906
  100000     7.087
  101000     6.618
  102000     6.795
  103000     6.860
  104000     6.746
  105000     6.726
  106000     7.093
  107000     6.648
  108000     6.914
  109000     7.143
  110000     6.885
  111000     7.050
  112000     7.026
  113000     6.889
  114000     7.089
  115000     6.697
  116000     7.120
  117000     7.231
  118000     6.811
  119000     7.079
  120000     7.219
  121000     7.057
  122000     6.747
  123000     6.957
  124000     7.193
  125000     7.064
  126000     7.019
  127000     6.632
  128000     7.043
  129000     7.007
  130000     7.233
  131000     6.771
  132000     6.946
  133000     6.846
  134000     7.075
  135000     7.150
  136000     7.039
  137000     7.111
  138000     7.075
  139000     6.195
  140000     6.766
  141000     6.561
  142000     6.537
  143000     6.906
  144000     6.976
  145000     6.840
  146000     6.897
  147000     6.837
  148000     6.720
  149000     6.816
  150000     6.923
  151000     7.008
  152000     6.816
  153000     6.948
  154000     6.737
  155000     6.924
  156000     6.856
  157000     6.897
  158000     7.004
  159000     6.881
  160000     6.899
  161000     6.515
  162000     6.630
  163000     6.676
  164000     6.955
  165000     6.717
  166000     7.088
  167000     7.000
  168000     7.041
  169000     6.920
  170000     6.825
  171000     7.188
  172000     6.825
  173000     7.001
  174000     7.004
  175000     6.675
  176000     7.015
  177000     7.022
  178000     7.479
  179000     7.127
  180000     7.137
  181000     7.346
  182000     6.914
  183000     6.884
  184000     6.554
  185000     6.808
  186000     6.537
  187000     7.014
  188000     6.935
  189000     7.006
  190000     7.017
  191000     7.126
  192000     6.866
  193000     7.200
  194000     7.016
  195000     7.030
  196000     6.965
  197000     6.777
  198000     7.223
  199000     6.981
  200000     6.458
  201000     6.698
  202000     6.958
  203000     6.954
  204000     7.220
  205000     6.857
  206000     6.797
  207000     6.785
  208000     7.055
  209000     7.088
  210000     6.948
  211000     6.973
  212000     6.809
  213000     6.830
  214000     6.961
  215000     7.281
  216000     7.233
  217000     7.127
  218000     6.694
  219000     6.888
  220000     6.913
  221000     7.128
  222000     6.806
  223000     7.012
  224000     7.154
  225000     7.022
  226000     7.055
  227000     6.870
  228000     6.720
  229000     7.065
  230000     7.020
  231000     6.811
  232000     7.061
  233000     6.911
  234000     6.905
  235000     6.919
  236000     7.417
  237000     6.982
  238000     7.254
  239000     6.799
  240000     6.707
  241000     6.827
  242000     6.811
  243000     6.868
  244000     6.808
  245000     7.060
  246000     7.044
  247000     7.000
  248000     6.858
  249000     6.837
  250000     6.756
  251000     6.607
  252000     6.891
  253000     6.949
  254000     6.948
  255000     6.794
  256000     6.744
  257000     6.892
  258000     6.715
  259000     7.044
  260000     7.044
  261000     6.880
  262000     7.135
  263000     6.773
  264000     7.072
  265000     6.790
  266000     7.153
  267000     7.136
  268000     6.608
  269000     6.579
  270000     7.238
  271000     6.995
  272000     7.131
  273000     6.785
  274000     6.611
  275000     7.257
  276000     7.030
  277000     6.860
  278000     7.100
  279000     7.080
  280000     7.101
  281000     6.949
  282000     6.712
  283000     7.084
  284000     6.845
  285000     6.922
  286000     6.745
  287000     6.512
  288000     6.690
  289000     6.770
  290000     6.929
  291000     6.689
  292000     6.433
  293000     6.484
  294000     6.596
  295000     7.015
  296000     6.905
  297000     6.941
  298000     6.702
  299000     6.889
  300000     6.965
  301000     6.924
  302000     6.751
  303000     6.752
  304000     6.693
  305000     6.686
  306000     6.638
  307000     6.871
  308000     6.688
  309000     6.867
  310000     7.021
  311000     6.801
  312000     6.999
  313000     7.119
  314000     7.105
  315000     7.309
  316000     7.113
  317000     6.805
  318000     6.734
  319000     6.780
  320000     7.326
  321000     6.908
  322000     7.069
  323000     7.063
  324000     6.940
  325000     7.061
  326000     6.734
  327000     7.106
  328000     7.351
  329000     7.066
  330000     7.247
  331000     6.805
  332000     6.761
  333000     6.887
  334000     7.018
  335000     6.800
  336000     6.746
  337000     7.024
  338000     6.868
  339000     7.028
  340000     6.960
  341000     6.855
  342000     6.660
  343000     6.763
  344000     6.842
  345000     6.965
  346000     6.932
  347000     7.125
  348000     6.758
  349000     6.886
  350000     6.914
  351000     6.902
  352000     6.792
  353000     7.070
  354000     6.646
  355000     6.710
  356000     6.875
  357000     6.898
  358000     7.044
  359000     6.882
  360000     6.834
  361000     6.853
  362000     6.819
  363000     6.740
  364000     6.922
  365000     6.907
  366000     6.885
  367000     7.107
  368000     6.941
  369000     6.931
  370000     7.122
  371000     6.946
  372000     6.809
  373000     7.078
  374000     7.089
  375000     7.047
  376000     6.690
  377000     6.688
  378000     6.974
  379000     6.885
  380000     6.990
  381000     6.735
  382000     6.909
  383000     6.761
  384000     7.057
  385000     7.065
  386000     6.965
  387000     7.156
  388000     6.754
  389000     6.990
  390000     6.724
  391000     6.740
  392000     6.956
  393000     6.629
  394000     6.949
  395000     6.991
  396000     6.938
  397000     6.548
  398000     6.787
  399000     6.743
  400000     6.942
  401000     6.572
  402000     6.819
  403000     6.867
  404000     6.994
  405000     6.756
  406000     6.831
  407000     6.947
  408000     6.869
  409000     6.734
  410000     7.067
  411000     6.847
  412000     6.829
  413000     6.889
  414000     6.833
  415000     7.004
  416000     6.730
  417000     6.807
  418000     6.720
  419000     6.807
  420000     6.801
  421000     6.578
  422000     6.986
  423000     6.794
  424000     6.769
  425000     6.626
  426000     6.731
  427000     6.830
  428000     6.970
  429000     7.104
  430000     6.938
  431000     6.891
  432000     6.963
  433000     6.922
  434000     6.717
  435000     7.127
  436000     6.812
  437000     6.855
  438000     7.012
  439000     7.000
  440000     7.084
  441000     6.798
  442000     7.105
  443000     7.005
  444000     6.797
  445000     6.930
  446000     6.429
  447000     7.007
  448000     7.063
  449000     7.125
  450000     7.219
  451000     6.906
  452000     6.720
  453000     6.856
  454000     6.984
  455000     6.945
  456000     7.072
  457000     7.302
  458000     6.914
  459000     6.910
  460000     6.899
  461000     7.310
  462000     7.173
  463000     6.909
  464000     6.834
  465000     6.845
  466000     6.880
  467000     6.828
  468000     6.996
  469000     7.028
  470000     7.116
  471000     7.121
  472000     6.863
  473000     6.719
  474000     6.820
  475000     6.739
  476000     6.810
  477000     6.971
  478000     6.988
  479000     7.052
  480000     6.923
  481000     7.020
  482000     6.682
  483000     6.809
  484000     6.892
  485000     6.923
  486000     6.955
  487000     6.551
  488000     6.941
  489000     7.086
  490000     6.789
  491000     6.831
  492000     7.080
  493000     7.107
  494000     7.144
  495000     6.942
  496000     7.079
  497000     6.817
  498000     6.998
  499000     7.227
