       0    15.610
    1000    16.051
    2000    16.157
    3000    15.807
    4000    16.035
    5000    15.739
    6000    15.739
    7000    16.182
    8000    16.267
    9000    16.325
   10000    16.240
   11000    15.966
   12000    16.125
   13000    16.013
   14000    16.242
   15000    15.881
   16000    15.917
   17000    16.020
   18000    16.006
   19000    15.946
   20000    15.913
   21000    16.142
   22000    16.182
   23000    15.972
   24000    16.076
   25000    16.020
   26000    16.333
   27000    15.829
   28000    16.043
   29000    16.107
   30000    16.008
   31000    16.098
   32000    16.036
   33000    15.942
   34000    15.681
   35000    15.329
   36000    15.807
   37000    15.883
   38000    16.014
   39000    16.040
   40000    15.802
   41000    15.796
   42000    16.289
   43000    15.806
   44000    15.823
   45000    15.684
   46000    15.824
   47000    16.130
   48000    15.989
   49000    16.217
   50000    16.171
   51000    16.086
   52000    16.229
   53000    15.900
   54000    15.849
   55000    15.977
   56000    15.862
   57000    15.708
   58000    16.290
   59000    15.910
   60000    16.099
   61000    16.272
   62000    16.102
   63000    16.128
   64000    15.807
   65000    16.010
   66000    16.450
   67000    15.852
   68000    15.897
   69000    16.390
   70000    15.935
   71000    16.023
   72000    16.091
   73000    16.150
   74000    15.858
   75000    15.957
   76000    15.692
   77000    16.244
   78000    15.868
   79000    15.991
   80000    16.100
   81000    15.990
   82000    16.199
   83000    16.061
   84000    15.925
   85000    16.057
   86000    15.946
   87000    16.065
   88000    15.633
   89000    16.256
   90000    16.317
   91000    16.207
   92000    16.110
   93000    16.265
   94000    16.067
   95000    16.029
   96000    16.183
   97000    16.059
   98000    16.116
   99000    16.079
  100000    15.823
  101000    15.689
  102000    16.150
  103000    15.983
  104000    16.137
  105000    15.932
  106000    15.747
  107000    16.034
  108000    16.010
  109000    16.139
  110000    15.917
  111000    15.873
  112000    16.050
  113000    16.187
  114000    16.115
  115000    15.962
  116000    15.949
  117000    15.970
  118000    16.042
  119000    16.083
  120000    15.995
  121000    16.112
  122000    15.669
  123000    16.139
  124000    16.292
  125000    15.980
  126000    15.763
  127000    15.726
  128000    15.966
  129000    16.164
  130000    15.751
  131000    15.764
  132000    16.049
  133000    15.828
  134000    15.886
  135000    16.181
  136000    16.182
  137000    16.058
  138000    15.934
  139000    15.812
  140000    15.829
  141000    15.823
  142000    15.609
  143000    15.912
  144000    16.327
  145000    16.088
  146000    16.030
  147000    16.141
  148000    15.781
  149000    15.993
  150000    16.036
  151000    16.091
  152000    15.919
  153000    15.926
  154000    16.119
  155000    15.999
  156000    16.182
  157000    16.303
  158000    15.833
  159000    15.805
  160000    15.933
  161000    16.104
  162000    15.614
  163000    15.880
  164000    16.034
  165000    15.820
  166000    16.136
  167000    15.970
  168000    16.165
  169000    15.892
  170000    16.333
  171000    15.805
  172000    16.232
  173000    16.140
  174000    16.069
  175000    16.133
  176000    16.087
  177000    15.963
  178000    16.048
  179000    16.007
  180000    15.997
  181000    16.287
  182000    15.824
  183000    16.008
  184000    15.962
  185000    15.775
  186000    16.001
  187000    16.186
  188000    15.866
  189000    16.226
  190000    15.818
  191000    16.038
  192000    16.017
  193000    15.963
  194000    16.218
  195000    16.167
  196000    16.149
  197000    16.143
  198000    16.473
  199000    15.887
  200000    15.596
  201000    16.116
  202000    15.777
  203000    16.078
  204000    15.968
  205000    16.193
  206000    16.065
  207000    15.873
  208000    16.103
  209000    15.925
  210000    15.970
  211000    16.365
  212000    15.942
  213000    16.328
  214000    16.055
  215000    15.991
  216000    15.754
  217000    16.166
  218000    16.009
  219000    16.164
  220000    16.238
  221000    15.667
  222000    16.210
  223000    16.173
  224000    16.131
  225000    16.147
  226000    16.066
  227000    15.683
  228000    15.767
  229000    16.064
  230000    15.796
  231000    15.792
  232000    16.029
  233000    16.355
  234000    15.704
  235000    15.851
  236000    16.559
  237000    16.014
  238000    16.199
  239000    15.924
  240000    15.826
  241000    15.733
  242000    15.792
  243000    16.083
  244000    15.934
  245000    16.380
  246000    16.277
  247000    16.014
  248000    16.132
  249000    15.928
  250000    15.995
  251000    15.972
  252000    16.082
  253000    16.138
  254000    15.959
  255000    16.069
  256000    15.983
  257000    15.919
  258000    16.084
  259000    16.219
  260000    15.799
  261000    15.965
  262000    15.836
  263000    15.891
  264000    16.158
  265000    16.263
  266000    16.064
  267000    15.902
  268000    16.247
  269000    15.886
  270000    15.886
  271000    16.110
  272000    15.821
  273000    16.068
  274000    16.388
  275000    15.678
  276000    15.750
  277000    16.048
  278000    15.880
  279000    15.963
  280000    16.344
  281000    16.566
  282000    15.937
  283000    16.229
  284000    15.728
  285000    16.435
  286000    16.201
  287000    15.932
  288000    16.406
  289000    16.006
  290000    16.536
  291000    16.322
  292000    16.211
  293000    15.994
  294000    16.418
  295000    16.110
  296000    16.043
  297000    15.878
  298000    15.682
  299000    16.008
  300000    15.861
  301000    15.987
  302000    16.070
  303000    16.360
  304000    15.617
  305000    15.904
  306000    15.485
  307000    15.900
  308000    16.068
  309000    15.899
  310000    15.892
  311000    15.980
  312000    16.130
  313000    15.936
  314000    15.885
  315000    15.806
  316000    15.826
  317000    16.004
  318000    15.829
  319000    16.084
  320000    16.115
  321000    16.158
  322000    16.063
  323000    15.947
  324000    15.971
  325000    16.067
  326000    16.126
  327000    16.214
  328000    16.252
  329000    16.218
  330000    16.186
  331000    15.805
  332000    15.831
  333000    16.053
  334000    16.233
  335000    16.066
  336000    16.375
  337000    16.029
  338000    15.971
  339000    16.349
  340000    16.221
  341000    16.158
  342000    16.137
  343000    16.253
  344000    15.940
  345000    15.730
  346000    15.860
  347000    16.172
  348000    15.922
  349000    16.226
  350000    16.047
  351000    15.805
  352000    15.884
  353000    16.124
  354000    16.065
  355000    16.145
  356000    16.265
  357000    15.980
  358000    16.049
  359000    16.190
  360000    15.911
  361000    16.136
  362000    16.184
  363000    15.747
  364000    15.826
  365000    16.021
  366000    15.987
  367000    16.009
  368000    15.733
  369000    16.046
  370000    16.001
  371000    15.984
  372000    15.555
  373000    16.063
  374000    16.209
  375000    16.174
  376000    15.920
  377000    15.792
  378000    16.222
  379000    15.998
  380000    16.249
  381000    16.117
  382000    15.929
  383000    15.775
  384000    16.403
  385000    16.069
  386000    16.121
  387000    15.794
  388000    16.050
  389000    15.893
  390000    16.332
  391000    16.094
  392000    15.667
  393000    15.938
  394000    16.002
  395000    15.990
  396000    15.832
  397000    15.954
  398000    16.040
  399000    16.368
  400000    15.702
  401000    16.196
  402000    16.170
  403000    15.963
  404000    15.681
  405000    15.965
  406000    16.218
  407000    15.962
  408000    16.155
  409000    16.111
  410000    16.331
  411000    16.127
  412000    16.041
  413000    16.139
  414000    16.088
  415000    16.049
  416000    16.233
  417000    16.201
  418000    16.195
  419000    16.146
  420000    15.870
  421000    16.057
  422000    15.956
  423000    15.836
  424000    16.014
  425000    16.367
  426000    16.295
  427000    15.740
  428000    15.895
  429000    15.682
  430000    16.102
  431000    15.940
  432000    15.836
  433000    16.039
  434000    16.045
  435000    15.840
  436000    15.695
  437000    15.961
  438000    15.926
  439000    15.786
  440000    15.629
  441000    15.730
  442000    15.625
  443000    15.950
  444000    16.190
  445000    15.996
  446000    16.279
  447000    16.014
  448000    16.043
  449000    16.084
  450000    15.861
  451000    16.216
  452000    15.895
  453000    16.038
  454000    16.004
  455000    16.257
  456000    16.116
  457000    15.896
  458000    16.024
  459000    15.947
  460000    15.706
  461000    16.343
  462000    16.060
  463000    15.809
  464000    15.869
  465000    16.132
  466000    16.024
  467000    15.891
  468000    15.957
  469000    15.802
  470000    16.057
  471000    15.694
  472000    15.975
  473000    16.075
  474000    16.307
  475000    15.835
  476000    16.094
  477000    15.577
  478000    15.985
  479000    15.972
  480000    15.939
  481000    15.979
  482000    15.763
  483000    15.925
  484000    16.123
  485000    15.851
  486000    16.193
  487000    16.119
  488000    16.180
  489000    16.237
  490000    16.171
  491000    15.744
  492000    16.254
  493000    15.794
  494000    16.095
  495000    16.140
  496000    16.215
  497000    15.944
  498000    15.999
  499000    15.846
