448.98
474.74
475.62
475.87
476.78
476.04
476.38
476.50
476.11
475.35
475.96
476.69
478.71
475.85
472.46
471.27
469.79
472.29
469.93
472.73
471.27
471.13
472.05
470.92
471.91
471.04
470.78
470.63
470.53
470.81
471.59
470.97
471.01
471.53
471.21
469.74
472.30
472.30
470.85
470.91
469.70
469.79
472.65
471.31
469.91
471.75
471.23
469.67
470.09
470.82
471.71
471.02
471.78
470.41
469.84
471.20
469.47
469.11
470.46
467.82
467.85
469.43
471.16
471.33
468.52
470.46
470.82
469.76
469.01
469.24
470.70
469.74
470.38
469.15
471.80
469.14
470.05
470.53
471.48
470.83
468.14
466.60
469.06
468.46
468.41
466.70
467.76
466.98
467.37
467.04
466.35
466.89
468.16
467.35
464.19
467.76
465.28
467.14
467.04
469.50
