310.82
325.91
326.85
327.34
326.67
326.96
326.99
327.39
327.27
326.32
326.73
326.94
326.66
327.15
327.12
327.26
327.37
327.41
327.18
327.24
326.68
326.53
327.23
326.12
324.02
325.38
325.09
325.40
325.09
325.18
325.03
325.14
325.33
325.48
324.98
325.09
324.84
324.12
324.94
325.10
324.77
324.72
324.42
324.79
324.87
325.03
325.14
324.77
324.95
325.05
324.94
322.72
324.61
324.47
323.63
323.62
322.74
323.49
323.27
323.29
323.33
323.55
323.35
323.42
323.48
323.47
323.47
323.57
323.65
323.29
323.40
323.40
323.37
323.14
323.57
323.12
322.63
323.60
323.30
323.61
323.51
323.08
322.84
322.11
323.00
319.79
320.37
320.31
320.72
319.96
320.45
320.18
320.44
320.61
320.45
320.25
320.46
320.60
320.95
319.52
