       0    12.048
    1000    12.654
    2000    12.560
    3000    12.527
    4000    12.473
    5000    12.349
    6000    12.236
    7000    12.484
    8000    12.674
    9000    12.574
   10000    12.402
   11000    12.526
   12000    12.696
   13000    12.476
   14000    12.804
   15000    12.259
   16000    12.126
   17000    12.431
   18000    12.380
   19000    12.354
   20000    12.260
   21000    12.670
   22000    12.511
   23000    12.170
   24000    12.470
   25000    12.502
   26000    12.642
   27000    12.166
   28000    12.755
   29000    12.550
   30000    12.571
   31000    12.508
   32000    12.612
   33000    12.428
   34000    12.325
   35000    12.276
   36000    12.402
   37000    12.581
   38000    12.424
   39000    12.309
   40000    12.261
   41000    12.524
   42000    12.718
   43000    12.342
   44000    12.708
   45000    12.485
   46000    12.538
   47000    12.579
   48000    12.272
   49000    12.750
   50000    12.757
   51000    12.645
   52000    12.441
   53000    12.557
   54000    12.542
   55000    12.417
   56000    12.509
   57000    12.261
   58000    12.855
   59000    12.482
   60000    12.721
   61000    12.590
   62000    12.573
   63000    12.674
   64000    12.316
   65000    12.641
   66000    12.934
   67000    12.198
   68000    12.687
   69000    12.925
   70000    12.435
   71000    12.226
   72000    12.594
   73000    12.761
   74000    12.321
   75000    12.510
   76000    12.273
   77000    12.810
   78000    12.427
   79000    12.572
   80000    12.495
   81000    12.427
   82000    12.566
   83000    12.739
   84000    12.709
   85000    12.656
   86000    12.330
   87000    12.264
   88000    12.360
   89000    12.821
   90000    12.445
   91000    12.540
   92000    12.347
   93000    12.450
   94000    12.714
   95000    12.669
   96000    12.665
   97000    12.412
   98000    12.677
   99000    12.540
  100000    12.409
  101000    12.326
  102000    12.543
  103000    12.413
  104000    12.701
  105000    12.776
  106000    12.130
  107000    12.425
  108000    12.534
  109000    12.591
  110000    12.499
  111000    12.395
  112000    12.383
  113000    12.753
  114000    12.602
  115000    12.994
  116000    12.542
  117000    12.315
  118000    12.828
  119000    12.304
  120000    12.469
  121000    12.291
  122000    12.620
  123000    12.461
  124000    12.738
  125000    12.744
  126000    12.479
  127000    12.596
  128000    12.441
  129000    12.322
  130000    12.513
  131000    12.443
  132000    12.658
  133000    12.688
  134000    12.655
  135000    12.180
  136000    12.230
  137000    12.420
  138000    12.401
  139000    12.892
  140000    12.646
  141000    12.704
  142000    12.659
  143000    12.368
  144000    12.118
  145000    12.267
  146000    12.377
  147000    12.530
  148000    12.591
  149000    12.207
  150000    12.621
  151000    12.353
  152000    12.255
  153000    12.542
  154000    12.132
  155000    12.382
  156000    12.457
  157000    12.332
  158000    12.583
  159000    12.586
  160000    12.566
  161000    12.748
  162000    12.418
  163000    12.685
  164000    12.553
  165000    12.628
  166000    12.437
  167000    12.530
  168000    12.299
  169000    12.491
  170000    12.418
  171000    12.378
  172000    12.647
  173000    12.588
  174000    12.475
  175000    12.531
  176000    12.610
  177000    12.416
  178000    12.072
  179000    12.473
  180000    12.554
  181000    12.380
  182000    12.571
  183000    12.542
  184000    12.799
  185000    12.590
  186000    12.735
  187000    12.819
  188000    12.527
  189000    12.531
  190000    12.710
  191000    12.242
  192000    12.671
  193000    12.171
  194000    12.624
  195000    12.710
  196000    12.455
  197000    12.644
  198000    12.392
  199000    12.604
  200000    12.762
  201000    12.459
  202000    12.517
  203000    12.589
  204000    12.240
  205000    12.796
  206000    12.574
  207000    12.258
  208000    12.408
  209000    12.587
  210000    12.362
  211000    12.685
  212000    12.506
  213000    12.499
  214000    12.415
  215000    12.394
  216000    12.540
  217000    12.359
  218000    12.362
  219000    12.445
  220000    12.817
  221000    12.243
  222000    12.745
  223000    12.503
  224000    12.753
  225000    12.819
  226000    12.766
  227000    12.050
  228000    12.842
  229000    12.789
  230000    12.356
  231000    12.223
  232000    12.409
  233000    12.756
  234000    12.429
  235000    12.775
  236000    12.944
  237000    12.767
  238000    12.942
  239000    12.510
  240000    12.215
  241000    12.561
  242000    12.403
  243000    12.535
  244000    12.541
  245000    12.437
  246000    12.402
  247000    12.454
  248000    12.595
  249000    12.600
  250000    12.161
  251000    12.288
  252000    12.524
  253000    12.233
  254000    12.652
  255000    12.610
  256000    12.439
  257000    12.712
  258000    12.532
  259000    12.887
  260000    12.507
  261000    11.990
  262000    12.473
  263000    12.398
  264000    12.363
  265000    12.488
  266000    12.700
  267000    12.527
  268000    12.454
  269000    12.141
  270000    12.232
  271000    12.556
  272000    12.384
  273000    12.584
  274000    12.611
  275000    12.503
  276000    12.645
  277000    12.669
  278000    12.545
  279000    12.475
  280000    12.461
  281000    12.732
  282000    12.525
  283000    12.492
  284000    12.238
  285000    12.945
  286000    12.737
  287000    12.543
  288000    12.640
  289000    12.493
  290000    12.828
  291000    13.014
  292000    12.787
  293000    12.443
  294000    12.786
  295000    12.392
  296000    12.518
  297000    12.224
  298000    12.257
  299000    12.448
  300000    12.490
  301000    12.484
  302000    12.880
  303000    12.881
  304000    12.225
  305000    12.525
  306000    12.128
  307000    12.484
  308000    12.421
  309000    12.407
  310000    12.493
  311000    12.708
  312000    12.553
  313000    12.488
  314000    12.455
  315000    12.388
  316000    12.282
  317000    12.513
  318000    12.467
  319000    12.376
  320000    12.711
  321000    12.693
  322000    12.635
  323000    12.587
  324000    12.618
  325000    12.708
  326000    12.527
  327000    12.713
  328000    12.684
  329000    12.768
  330000    12.800
  331000    12.218
  332000    12.407
  333000    12.289
  334000    12.485
  335000    12.459
  336000    12.650
  337000    12.629
  338000    12.346
  339000    12.733
  340000    12.777
  341000    12.673
  342000    12.381
  343000    12.596
  344000    12.451
  345000    12.319
  346000    12.472
  347000    12.788
  348000    12.450
  349000    12.353
  350000    12.411
  351000    12.698
  352000    12.414
  353000    12.677
  354000    12.817
  355000    12.686
  356000    12.700
  357000    12.555
  358000    12.483
  359000    12.698
  360000    12.355
  361000    12.680
  362000    12.521
  363000    12.192
  364000    12.084
  365000    12.454
  366000    12.509
  367000    12.493
  368000    12.089
  369000    12.601
  370000    12.503
  371000    12.693
  372000    12.417
  373000    12.501
  374000    12.683
  375000    12.679
  376000    12.100
  377000    12.165
  378000    12.635
  379000    12.527
  380000    12.353
  381000    12.583
  382000    12.554
  383000    12.290
  384000    12.747
  385000    12.613
  386000    12.682
  387000    12.491
  388000    12.289
  389000    12.482
  390000    12.610
  391000    12.133
  392000    12.371
  393000    12.370
  394000    12.740
  395000    12.566
  396000    12.644
  397000    12.388
  398000    12.557
  399000    12.516
  400000    12.483
  401000    12.049
  402000    12.841
  403000    12.410
  404000    12.377
  405000    12.559
  406000    12.598
  407000    12.444
  408000    12.624
  409000    12.507
  410000    12.748
  411000    12.200
  412000    12.345
  413000    12.650
  414000    12.764
  415000    12.342
  416000    12.426
  417000    12.463
  418000    12.473
  419000    12.418
  420000    12.313
  421000    12.828
  422000    12.586
  423000    12.429
  424000    12.892
  425000    12.704
  426000    12.911
  427000    12.645
  428000    12.574
  429000    12.577
  430000    12.720
  431000    12.282
  432000    12.509
  433000    12.294
  434000    12.707
  435000    12.600
  436000    12.453
  437000    12.692
  438000    12.669
  439000    12.579
  440000    12.707
  441000    12.389
  442000    12.342
  443000    12.450
  444000    12.441
  445000    12.437
  446000    12.773
  447000    12.303
  448000    12.693
  449000    12.450
  450000    12.466
  451000    12.225
  452000    12.461
  453000    12.697
  454000    12.411
  455000    12.542
  456000    12.468
  457000    12.662
  458000    12.525
  459000    12.361
  460000    12.268
  461000    12.689
  462000    12.552
  463000    12.640
  464000    12.310
  465000    12.719
  466000    12.007
  467000    12.330
  468000    12.717
  469000    12.489
  470000    12.519
  471000    12.400
  472000    12.606
  473000    12.679
  474000    12.647
  475000    12.435
  476000    12.932
  477000    12.155
  478000    12.601
  479000    12.431
  480000    12.639
  481000    12.455
  482000    12.596
  483000    12.481
  484000    12.674
  485000    12.587
  486000    12.552
  487000    12.709
  488000    12.717
  489000    12.358
  490000    12.341
  491000    12.310
  492000    12.393
  493000    12.863
  494000    12.722
  495000    12.487
  496000    12.611
  497000    12.527
  498000    12.402
  499000    12.611
