  3.22750000e+00  1.75763000e+00  2.11018000e+00
  3.29250000e+00  8.69410000e-01  8.36130000e-01
  3.35750000e+00  4.19380000e-01  4.65090000e-01
  3.42250000e+00  -3.32670000e-01  3.56450000e-01
  3.48750000e+00  -7.19920000e-01  1.56290000e-01
  3.55250000e+00  -1.35246000e+00  1.11870000e-01
  3.61750000e+00  -2.05941000e+00  8.76300000e-02
  3.68250000e+00  -2.69575000e+00  7.59500000e-02
  3.74750000e+00  -3.25599000e+00  6.69900000e-02
  3.81250000e+00  -3.71409000e+00  5.96900000e-02
  3.87750000e+00  -4.13265000e+00  6.17000000e-02
  3.94250000e+00  -4.49412000e+00  5.66600000e-02
  4.00750000e+00  -4.80173000e+00  5.97800000e-02
  4.07250000e+00  -5.07997000e+00  6.43400000e-02
  4.13750000e+00  -5.28058000e+00  7.04500000e-02
  4.20250000e+00  -5.42766000e+00  7.67800000e-02
  4.26750000e+00  -5.51449000e+00  7.65000000e-02
  4.33250000e+00  -5.52369000e+00  7.50500000e-02
  4.39750000e+00  -5.46001000e+00  7.79900000e-02
  4.46250000e+00  -5.41054000e+00  7.96400000e-02
  4.52750000e+00  -5.35544000e+00  8.20000000e-02
  4.59250000e+00  -5.35031000e+00  8.15500000e-02
  4.65750000e+00  -5.40973000e+00  7.61000000e-02
  4.72250000e+00  -5.45427000e+00  7.10200000e-02
  4.78750000e+00  -5.35527000e+00  7.13800000e-02
  4.85250000e+00  -5.13752000e+00  6.70500000e-02
  4.91750000e+00  -4.85418000e+00  6.11100000e-02
  4.98250000e+00  -4.49419000e+00  5.68000000e-02
  5.04750000e+00  -4.15344000e+00  5.35300000e-02
  5.11250000e+00  -3.86312000e+00  5.49200000e-02
  5.17750000e+00  -3.65591000e+00  5.72900000e-02
  5.24250000e+00  -3.52059000e+00  5.71500000e-02
  5.30750000e+00  -3.41586000e+00  5.70000000e-02
  5.37250000e+00  -3.29892000e+00  5.54200000e-02
  5.43750000e+00  -3.20873000e+00  5.39800000e-02
  5.50250000e+00  -3.13454000e+00  5.33800000e-02
  5.56750000e+00  -3.05748000e+00  5.33600000e-02
  5.63250000e+00  -3.02073000e+00  5.34200000e-02
  5.69750000e+00  -2.96162000e+00  5.36100000e-02
  5.76250000e+00  -2.88867000e+00  5.38800000e-02
  5.82750000e+00  -2.82084000e+00  5.38700000e-02
  5.89250000e+00  -2.71065000e+00  5.37200000e-02
  5.95750000e+00  -2.60759000e+00  5.35800000e-02
  6.02250000e+00  -2.48755000e+00  5.35900000e-02
  6.08750000e+00  -2.38918000e+00  5.36700000e-02
  6.15250000e+00  -2.29614000e+00  5.38400000e-02
  6.21750000e+00  -2.18252000e+00  5.40900000e-02
  6.28250000e+00  -2.09627000e+00  5.42400000e-02
  6.34750000e+00  -1.99863000e+00  5.42400000e-02
  6.41250000e+00  -1.86127000e+00  5.41900000e-02
  6.47750000e+00  -1.75762000e+00  5.41700000e-02
  6.54250000e+00  -1.64399000e+00  5.42200000e-02
  6.60750000e+00  -1.52971000e+00  5.43600000e-02
  6.67250000e+00  -1.44917000e+00  5.45400000e-02
  6.73750000e+00  -1.34792000e+00  5.47800000e-02
  6.80250000e+00  -1.23018000e+00  5.49500000e-02
  6.86750000e+00  -1.11548000e+00  5.49400000e-02
  6.93250000e+00  -9.83040000e-01  5.49300000e-02
  6.99750000e+00  -8.73140000e-01  5.49500000e-02
  7.06250000e+00  -7.76030000e-01  5.50400000e-02
  7.12750000e+00  -6.84430000e-01  5.52000000e-02
  7.19250000e+00  -6.22500000e-01  5.54100000e-02
  7.25750000e+00  -5.43560000e-01  5.56400000e-02
  7.32250000e+00  -4.53980000e-01  5.57600000e-02
  7.38750000e+00  -3.68860000e-01  5.57300000e-02
  7.45250000e+00  -2.85980000e-01  5.56900000e-02
  7.51750000e+00  -2.27070000e-01  5.57000000e-02
  7.58250000e+00  -1.80550000e-01  5.57500000e-02
  7.64750000e+00  -1.34320000e-01  5.58600000e-02
  7.71250000e+00  -1.19260000e-01  5.59900000e-02
  7.77750000e+00  -8.28900000e-02  5.61100000e-02
  7.84250000e+00  -5.47500000e-02  5.61400000e-02
  7.90750000e+00  1.63000000e-03  5.61300000e-02
  7.97250000e+00  3.35400000e-02  5.61100000e-02
  8.03750000e+00  5.21400000e-02  5.61100000e-02
  8.10250000e+00  7.31000000e-02  5.61600000e-02
  8.16750000e+00  7.26200000e-02  5.62200000e-02
  8.23250000e+00  8.93700000e-02  5.63200000e-02
  8.29750000e+00  1.01770000e-01  5.64200000e-02
  8.36250000e+00  1.41280000e-01  5.64800000e-02
  8.42750000e+00  1.47240000e-01  5.64900000e-02
  8.49250000e+00  1.56440000e-01  5.65000000e-02
  8.55750000e+00  1.75790000e-01  5.65400000e-02
  8.62250000e+00  1.75700000e-01  5.66300000e-02
  8.68750000e+00  1.75090000e-01  5.68100000e-02
  8.75250000e+00  1.95120000e-01  5.71100000e-02
  8.81750000e+00  1.97030000e-01  5.74600000e-02
  8.88250000e+00  2.29370000e-01  5.77500000e-02
  8.94750000e+00  2.42330000e-01  5.78700000e-02
  9.01250000e+00  2.19720000e-01  5.78900000e-02
  9.07750000e+00  2.24260000e-01  5.79900000e-02
  9.14250000e+00  2.36160000e-01  5.81700000e-02
  9.20750000e+00  2.23320000e-01  5.83900000e-02
  9.27250000e+00  2.08160000e-01  5.86500000e-02
  9.33750000e+00  2.11710000e-01  5.88800000e-02
  9.40250000e+00  2.21470000e-01  5.89800000e-02
  9.46750000e+00  2.34360000e-01  5.90100000e-02
  9.53250000e+00  2.26470000e-01  5.90400000e-02
  9.59750000e+00  2.21580000e-01  5.91300000e-02
  9.66250000e+00  2.08190000e-01  5.92900000e-02
  9.72750000e+00  2.02700000e-01  5.95500000e-02
  9.79250000e+00  2.09040000e-01  5.98800000e-02
  9.85750000e+00  2.02640000e-01  6.00900000e-02
  9.92250000e+00  2.05200000e-01  6.01700000e-02
  9.98750000e+00  1.90410000e-01  6.01800000e-02
  1.00525000e+01  1.97990000e-01  6.02500000e-02
  1.01175000e+01  1.95620000e-01  6.03700000e-02
  1.01825000e+01  1.72970000e-01  6.05400000e-02
  1.02475000e+01  1.74120000e-01  6.08200000e-02
  1.03125000e+01  1.87740000e-01  6.11300000e-02
  1.03775000e+01  1.88840000e-01  6.12900000e-02
  1.04425000e+01  2.07880000e-01  6.13600000e-02
  1.05075000e+01  1.89980000e-01  6.13500000e-02
  1.05725000e+01  1.97100000e-01  6.14300000e-02
  1.06375000e+01  1.80560000e-01  6.15600000e-02
  1.07025000e+01  1.57760000e-01  6.17500000e-02
  1.07675000e+01  1.64940000e-01  6.20500000e-02
  1.08325000e+01  1.38780000e-01  6.22400000e-02
  1.08975000e+01  1.54420000e-01  6.23800000e-02
  1.09625000e+01  1.75140000e-01  6.24300000e-02
  1.10275000e+01  1.60280000e-01  6.24500000e-02
  1.10925000e+01  1.39210000e-01  6.25100000e-02
  1.11575000e+01  1.35550000e-01  6.26700000e-02
  1.12225000e+01  1.26720000e-01  6.29000000e-02
  1.12875000e+01  1.10580000e-01  6.31600000e-02
  1.13525000e+01  1.22200000e-01  6.33900000e-02
  1.14175000e+01  1.40500000e-01  6.34900000e-02
  1.14825000e+01  1.17000000e-01  6.34800000e-02
  1.15475000e+01  1.13490000e-01  6.35300000e-02
  1.16125000e+01  1.29030000e-01  6.36600000e-02
  1.16775000e+01  1.07950000e-01  6.38100000e-02
  1.17425000e+01  1.04320000e-01  6.40700000e-02
  1.18075000e+01  9.99900000e-02  6.43300000e-02
  1.18725000e+01  1.07650000e-01  6.44900000e-02
  1.19375000e+01  1.14690000e-01  6.45400000e-02
  1.20025000e+01  1.01090000e-01  6.45400000e-02
  1.20675000e+01  1.05780000e-01  6.46100000e-02
  1.21325000e+01  1.10630000e-01  6.47500000e-02
  1.21975000e+01  1.07640000e-01  6.49600000e-02
  1.22625000e+01  1.06430000e-01  6.52400000e-02
  1.23275000e+01  1.02610000e-01  6.54900000e-02
  1.23925000e+01  1.15250000e-01  6.56400000e-02
  1.24575000e+01  1.31870000e-01  6.56900000e-02
  1.25225000e+01  1.16060000e-01  6.57000000e-02
  1.25875000e+01  1.13120000e-01  6.57800000e-02
  1.26525000e+01  9.83200000e-02  6.59100000e-02
  1.27175000e+01  1.16900000e-01  6.61700000e-02
  1.27825000e+01  1.03660000e-01  6.64100000e-02
  1.28475000e+01  1.00310000e-01  6.65900000e-02
  1.29125000e+01  1.11560000e-01  6.66600000e-02
  1.29775000e+01  9.88800000e-02  6.66600000e-02
  1.30425000e+01  1.00510000e-01  6.67000000e-02
  1.31075000e+01  1.09870000e-01  6.68100000e-02
  1.31725000e+01  9.57500000e-02  6.69600000e-02
  1.32375000e+01  9.97400000e-02  6.72100000e-02
  1.33025000e+01  8.24700000e-02  6.74400000e-02
  1.33675000e+01  8.07300000e-02  6.75900000e-02
  1.34325000e+01  9.05700000e-02  6.76500000e-02
  1.34975000e+01  9.61000000e-02  6.76800000e-02
  1.35625000e+01  9.24500000e-02  6.77300000e-02
  1.36275000e+01  7.77200000e-02  6.78300000e-02
  1.36925000e+01  1.00590000e-01  6.80600000e-02
  1.37575000e+01  7.38900000e-02  6.82800000e-02
  1.38225000e+01  5.85700000e-02  6.85000000e-02
  1.38875000e+01  1.01700000e-01  6.86800000e-02
  1.39525000e+01  8.98000000e-02  6.86900000e-02
  1.40175000e+01  6.31800000e-02  6.86900000e-02
  1.40825000e+01  7.07500000e-02  6.87700000e-02
  1.41475000e+01  5.70300000e-02  6.89000000e-02
  1.42125000e+01  4.28100000e-02  6.90900000e-02
  1.42775000e+01  4.02400000e-02  6.93400000e-02
  1.43425000e+01  4.03800000e-02  6.95400000e-02
  1.44075000e+01  4.72900000e-02  6.96300000e-02
  1.44725000e+01  4.40100000e-02  6.96500000e-02
  1.45375000e+01  3.72000000e-02  6.96800000e-02
  1.46025000e+01  4.85400000e-02  6.97900000e-02
  1.46675000e+01  4.06300000e-02  6.99300000e-02
  1.47325000e+01  2.91400000e-02  7.01400000e-02
  1.47975000e+01  7.51000000e-03  7.03400000e-02
  1.48625000e+01  2.86900000e-02  7.05200000e-02
  1.49275000e+01  1.61600000e-02  7.05400000e-02
  1.49925000e+01  1.76900000e-02  7.05600000e-02
  1.50575000e+01  2.33000000e-03  7.05900000e-02
  1.51225000e+01  1.93600000e-02  7.07200000e-02
  1.51875000e+01  5.30000000e-03  7.08800000e-02
  1.52525000e+01  -3.21000000e-03  7.11000000e-02
  1.53175000e+01  1.80200000e-02  7.13600000e-02
  1.53825000e+01  2.15000000e-03  7.14500000e-02
  1.54475000e+01  4.56000000e-03  7.14900000e-02
  1.55125000e+01  1.36900000e-02  7.15200000e-02
  1.55775000e+01  -2.40000000e-03  7.15700000e-02
  1.56425000e+01  7.38000000e-03  7.17000000e-02
  1.57075000e+01  -3.27000000e-03  7.18700000e-02
  1.57725000e+01  -1.13700000e-02  7.21000000e-02
  1.58375000e+01  7.66000000e-03  7.23200000e-02
  1.59025000e+01  5.08000000e-03  7.23800000e-02
  1.59675000e+01  0.00000000e+00  7.24000000e-02
