1369.90
1482.64
1497.40
1516.74
1527.14
1550.70
1517.88
1540.88
1507.41
1543.42
1538.94
1500.42
1533.14
1541.65
1486.39
1421.74
1418.88
1517.86
1515.70
1424.06
1439.84
1544.95
1553.61
1533.05
1524.50
1531.79
1523.33
1555.27
1502.28
1524.24
1556.89
1529.47
1523.92
1527.58
1541.66
1545.91
1527.98
1541.35
1545.14
1541.17
1551.45
1554.60
1549.13
1553.51
1463.73
1548.02
1501.58
1533.17
1550.88
1531.38
1547.43
1398.46
1406.92
1466.13
1532.79
1404.16
1462.72
1543.85
1546.73
1517.54
1505.18
1511.44
1504.18
1533.55
1491.08
1299.15
1323.07
1552.24
1496.52
1287.16
1266.44
1523.64
1512.36
1529.48
1503.03
1530.83
1541.38
1528.06
1542.55
1544.15
1539.51
1470.80
1552.41
1547.60
1536.02
1518.47
1544.77
1547.97
1545.50
1544.98
1490.67
1525.27
1413.06
1484.06
1538.66
1495.24
1550.63
1515.49
1535.07
1550.17
