4.17
3.97
3.97
3.96
3.97
3.95
3.98
3.96
3.97
3.97
3.96
3.97
3.96
3.98
3.97
3.95
3.96
3.98
3.98
3.95
3.96
3.98
3.95
3.97
3.97
3.99
3.97
3.97
3.97
3.98
3.96
3.94
3.91
3.89
3.86
3.85
3.96
3.97
3.96
3.84
3.75
3.91
3.96
3.96
3.95
3.98
3.97
3.96
3.99
3.96
3.96
3.96
3.97
3.97
3.97
3.96
3.97
3.98
3.95
3.96
3.97
3.96
3.96
3.95
3.97
3.95
3.96
3.92
3.96
3.96
3.95
3.96
3.97
3.96
3.95
3.96
3.98
3.95
3.95
3.96
3.96
3.90
3.96
3.93
3.90
3.92
3.94
3.92
3.97
3.96
3.95
3.97
3.96
3.96
3.95
3.97
3.94
3.96
3.94
3.97
