       0     7.281
    1000     7.710
    2000     7.291
    3000     7.636
    4000     7.206
    5000     7.364
    6000     7.501
    7000     7.577
    8000     7.481
    9000     7.911
   10000     7.610
   11000     7.385
   12000     7.418
   13000     7.753
   14000     7.304
   15000     7.626
   16000     7.526
   17000     7.843
   18000     7.614
   19000     7.520
   20000     7.340
   21000     7.274
   22000     7.319
   23000     7.521
   24000     7.598
   25000     7.321
   26000     7.098
   27000     7.302
   28000     7.781
   29000     7.309
   30000     7.459
   31000     7.393
   32000     7.519
   33000     7.242
   34000     7.215
   35000     7.754
   36000     7.537
   37000     7.140
   38000     7.370
   39000     7.320
   40000     7.681
   41000     7.498
   42000     7.488
   43000     7.628
   44000     7.454
   45000     7.288
   46000     7.391
   47000     6.885
   48000     7.319
   49000     7.280
   50000     7.324
   51000     7.336
   52000     7.634
   53000     7.612
   54000     7.393
   55000     7.526
   56000     7.607
   57000     7.491
   58000     7.254
   59000     7.284
   60000     7.279
   61000     7.308
   62000     7.459
   63000     7.174
   64000     7.430
   65000     7.336
   66000     7.045
   67000     7.553
   68000     7.278
   69000     7.726
   70000     7.231
   71000     7.411
   72000     7.160
   73000     7.579
   74000     7.371
   75000     7.171
   76000     7.686
   77000     7.503
   78000     7.443
   79000     7.129
   80000     7.268
   81000     7.098
   82000     7.526
   83000     7.356
   84000     7.408
   85000     7.251
   86000     7.467
   87000     7.585
   88000     7.085
   89000     7.542
   90000     7.206
   91000     7.392
   92000     7.571
   93000     7.433
   94000     7.342
   95000     7.148
   96000     7.474
   97000     7.607
   98000     7.392
   99000     7.543
  100000     7.438
  101000     7.300
  102000     7.500
  103000     7.407
  104000     7.256
  105000     7.193
  106000     7.656
  107000     7.319
  108000     7.690
  109000     7.459
  110000     7.246
  111000     7.500
  112000     7.314
  113000     7.326
  114000     7.707
  115000     7.136
  116000     7.280
  117000     7.577
  118000     7.331
  119000     7.511
  120000     7.298
  121000     7.591
  122000     7.630
  123000     7.637
  124000     7.416
  125000     7.329
  126000     7.597
  127000     7.472
  128000     7.587
  129000     7.826
  130000     7.144
  131000     7.430
  132000     7.335
  133000     7.226
  134000     7.410
  135000     7.583
  136000     7.184
  137000     7.376
  138000     7.617
  139000     7.447
  140000     7.605
  141000     7.503
  142000     7.838
  143000     7.453
  144000     7.271
  145000     7.303
  146000     7.531
  147000     7.325
  148000     7.464
  149000     7.551
  150000     7.329
  151000     7.252
  152000     7.213
  153000     7.642
  154000     7.159
  155000     7.325
  156000     7.399
  157000     7.253
  158000     7.583
  159000     7.701
  160000     7.696
  161000     7.770
  162000     7.512
  163000     7.555
  164000     7.573
  165000     7.484
  166000     7.347
  167000     7.256
  168000     7.203
  169000     7.220
  170000     7.114
  171000     7.313
  172000     7.605
  173000     7.512
  174000     7.360
  175000     7.598
  176000     7.470
  177000     7.342
  178000     7.172
  179000     7.262
  180000     7.300
  181000     7.211
  182000     7.424
  183000     7.594
  184000     7.526
  185000     7.437
  186000     7.750
  187000     7.564
  188000     7.341
  189000     7.403
  190000     7.507
  191000     7.373
  192000     7.554
  193000     7.361
  194000     7.325
  195000     7.518
  196000     7.700
  197000     7.654
  198000     7.667
  199000     7.322
  200000     8.035
  201000     7.542
  202000     7.669
  203000     8.014
  204000     7.479
  205000     7.468
  206000     7.709
  207000     7.327
  208000     7.397
  209000     7.552
  210000     7.356
  211000     7.608
  212000     7.447
  213000     7.490
  214000     7.614
  215000     7.277
  216000     7.720
  217000     7.517
  218000     7.475
  219000     7.657
  220000     7.516
  221000     7.488
  222000     7.466
  223000     7.364
  224000     7.522
  225000     7.919
  226000     7.704
  227000     7.478
  228000     7.587
  229000     7.589
  230000     7.632
  231000     7.319
  232000     7.628
  233000     7.337
  234000     7.312
  235000     7.302
  236000     7.120
  237000     7.431
  238000     7.336
  239000     7.282
  240000     7.385
  241000     7.446
  242000     7.509
  243000     7.394
  244000     7.587
  245000     7.608
  246000     7.149
  247000     7.184
  248000     7.354
  249000     7.505
  250000     7.263
  251000     7.454
  252000     7.211
  253000     7.162
  254000     7.666
  255000     7.398
  256000     7.393
  257000     7.804
  258000     7.567
  259000     7.445
  260000     7.326
  261000     7.410
  262000     7.338
  263000     7.518
  264000     7.596
  265000     7.517
  266000     7.498
  267000     7.822
  268000     7.649
  269000     7.437
  270000     7.421
  271000     7.407
  272000     7.170
  273000     7.267
  274000     7.488
  275000     7.205
  276000     7.394
  277000     7.426
  278000     7.054
  279000     7.155
  280000     7.552
  281000     7.557
  282000     7.239
  283000     7.737
  284000     7.368
  285000     7.576
  286000     7.514
  287000     7.395
  288000     7.524
  289000     7.220
  290000     7.529
  291000     7.402
  292000     7.165
  293000     7.540
  294000     7.383
  295000     7.691
  296000     7.511
  297000     7.280
  298000     7.452
  299000     7.502
  300000     7.110
  301000     7.566
  302000     7.418
  303000     7.730
  304000     6.933
  305000     7.482
  306000     6.924
  307000     7.257
  308000     7.471
  309000     7.202
  310000     7.241
  311000     7.633
  312000     7.462
  313000     7.680
  314000     7.381
  315000     7.024
  316000     7.504
  317000     7.399
  318000     7.201
  319000     7.666
  320000     7.578
  321000     7.477
  322000     7.655
  323000     7.294
  324000     7.636
  325000     7.608
  326000     7.383
  327000     7.588
  328000     7.763
  329000     7.492
  330000     7.926
  331000     7.434
  332000     7.164
  333000     7.393
  334000     7.446
  335000     7.449
  336000     7.482
  337000     7.224
  338000     7.263
  339000     7.628
  340000     7.586
  341000     7.566
  342000     7.513
  343000     7.330
  344000     7.387
  345000     7.319
  346000     7.531
  347000     7.535
  348000     7.333
  349000     7.366
  350000     7.785
  351000     7.411
  352000     7.481
  353000     7.619
  354000     7.678
  355000     7.741
  356000     7.743
  357000     7.613
  358000     7.399
  359000     7.481
  360000     7.194
  361000     7.518
  362000     7.601
  363000     7.271
  364000     7.232
  365000     7.508
  366000     7.509
  367000     7.311
  368000     6.998
  369000     7.585
  370000     7.335
  371000     7.549
  372000     7.290
  373000     7.198
  374000     7.655
  375000     7.537
  376000     7.118
  377000     7.047
  378000     7.371
  379000     7.259
  380000     7.336
  381000     7.401
  382000     7.642
  383000     7.606
  384000     7.554
  385000     7.644
  386000     7.382
  387000     7.643
  388000     7.327
  389000     7.673
  390000     7.389
  391000     7.432
  392000     7.813
  393000     7.547
  394000     7.564
  395000     7.358
  396000     7.514
  397000     7.475
  398000     7.521
  399000     7.247
  400000     7.505
  401000     7.280
  402000     7.558
  403000     7.383
  404000     7.626
  405000     7.388
  406000     7.442
  407000     7.317
  408000     7.730
  409000     7.229
  410000     7.406
  411000     7.408
  412000     7.312
  413000     7.592
  414000     7.397
  415000     7.520
  416000     6.956
  417000     7.252
  418000     7.447
  419000     7.580
  420000     7.193
  421000     7.231
  422000     7.420
  423000     7.332
  424000     7.509
  425000     7.231
  426000     7.254
  427000     7.082
  428000     7.529
  429000     7.420
  430000     7.141
  431000     7.431
  432000     7.196
  433000     7.104
  434000     7.010
  435000     7.292
  436000     7.053
  437000     7.358
  438000     7.342
  439000     7.204
  440000     7.948
  441000     7.407
  442000     7.525
  443000     7.709
  444000     7.496
  445000     7.306
  446000     7.323
  447000     7.485
  448000     7.578
  449000     7.388
  450000     7.411
  451000     7.466
  452000     7.282
  453000     7.597
  454000     7.593
  455000     7.508
  456000     7.331
  457000     7.741
  458000     7.352
  459000     7.582
  460000     7.412
  461000     7.614
  462000     7.657
  463000     7.872
  464000     7.336
  465000     7.345
  466000     7.464
  467000     7.772
  468000     7.637
  469000     7.559
  470000     7.299
  471000     7.517
  472000     7.244
  473000     7.385
  474000     7.349
  475000     7.202
  476000     7.351
  477000     7.505
  478000     7.391
  479000     7.586
  480000     7.395
  481000     7.629
  482000     7.613
  483000     7.726
  484000     7.432
  485000     7.384
  486000     7.351
  487000     7.596
  488000     7.265
  489000     7.629
  490000     7.811
  491000     7.777
  492000     7.719
  493000     7.277
  494000     7.724
  495000     7.226
  496000     7.380
  497000     7.210
  498000     7.153
  499000     7.629
