752.67
752.76
742.36
750.31
757.69
754.87
757.45
757.65
757.13
757.31
758.12
748.06
756.34
753.52
756.33
755.34
758.20
757.60
753.65
757.87
746.98
757.98
755.93
756.57
756.56
757.22
757.85
757.30
755.00
756.92
750.81
756.52
757.10
755.12
755.29
756.53
754.86
757.21
756.74
742.18
757.64
748.59
751.78
751.16
758.08
755.82
756.58
755.25
756.87
757.13
757.67
757.40
756.92
755.94
756.69
741.08
757.37
758.05
756.78
756.60
758.11
756.08
757.22
758.26
756.63
756.24
755.91
756.98
756.08
756.96
755.51
755.20
755.52
757.67
756.82
757.00
756.99
756.68
737.05
756.58
755.93
746.81
756.20
755.73
756.70
742.34
757.35
757.60
756.28
756.05
756.77
756.75
753.00
757.35
756.08
755.74
756.96
756.29
756.75
755.72
