832.95
833.71
836.95
837.55
836.30
832.47
836.93
832.88
837.31
834.44
835.69
834.02
835.88
826.55
837.16
836.41
834.45
830.26
836.45
835.70
836.58
835.62
837.36
833.59
837.36
835.34
835.38
829.71
835.88
837.11
835.58
837.39
837.33
837.60
838.00
835.06
837.33
837.97
837.03
836.01
837.09
835.43
837.43
837.03
829.85
836.10
837.81
838.08
835.61
835.37
836.55
834.14
835.44
827.29
828.82
836.83
828.70
823.16
837.58
837.90
832.50
837.76
836.53
837.21
836.30
836.49
835.27
836.40
837.13
827.01
837.03
837.05
836.89
829.26
826.96
837.98
838.24
824.56
835.27
836.80
830.92
835.74
837.09
823.58
837.14
837.42
828.30
827.93
835.57
837.42
834.89
835.41
835.61
836.23
832.04
837.38
835.70
823.87
836.40
836.76
