861.96
859.92
864.71
867.36
867.37
866.53
868.79
867.49
868.47
859.92
867.49
869.08
866.14
867.11
867.51
856.00
868.02
864.92
864.21
866.66
865.36
868.76
864.43
855.40
866.83
866.90
867.69
869.23
866.84
866.35
851.55
867.21
868.38
867.72
868.14
867.33
868.36
868.65
851.18
867.95
868.04
864.25
868.00
867.69
868.82
865.85
868.13
869.86
868.62
857.42
867.96
857.31
869.22
865.23
852.10
867.50
867.13
853.98
866.85
857.28
868.82
866.19
868.40
857.46
869.15
868.71
866.99
861.85
857.54
869.14
868.23
867.42
867.35
868.68
865.12
869.12
867.68
865.38
867.92
867.82
868.57
864.53
859.62
867.05
867.78
857.45
867.81
868.04
854.54
842.16
866.83
867.61
865.71
868.11
864.27
867.13
854.16
869.18
869.97
867.78
