769.37
778.41
780.34
782.64
780.79
772.44
781.98
782.39
781.57
782.78
773.64
782.71
781.17
782.03
781.76
782.69
777.94
782.66
775.42
782.71
782.48
782.86
775.81
781.11
782.18
783.12
783.62
777.05
778.77
782.54
781.76
781.84
782.71
782.21
781.85
782.93
773.69
782.61
782.70
782.98
767.49
783.40
783.67
782.26
782.53
782.33
781.30
775.11
778.04
779.10
783.25
781.31
783.61
782.42
782.63
781.25
781.89
782.48
780.96
781.10
782.81
782.27
774.98
767.65
781.76
781.88
775.36
781.90
782.19
782.19
782.16
783.19
782.84
781.33
780.67
766.26
774.88
783.28
775.27
782.32
781.90
783.19
780.90
784.53
774.12
783.95
780.83
770.41
783.21
782.10
782.56
781.72
773.57
782.91
776.99
782.17
782.87
783.05
783.53
782.85
