2043.51
2056.11
2068.79
2069.52
2091.78
2094.49
2056.63
2082.70
2073.72
2081.77
2037.70
2146.60
2045.01
2147.15
2133.27
2150.84
2122.45
2144.79
2178.62
2180.94
2182.94
2169.01
2243.48
2238.00
2239.69
2235.34
2231.00
2236.29
2229.34
2230.09
2233.03
2237.45
2233.05
2229.92
2239.51
2238.92
2239.79
2224.98
2236.52
2239.44
2211.28
2235.71
2185.37
2222.89
2232.77
2228.58
2197.90
2223.72
2239.54
2233.04
2224.86
2236.18
2068.53
2121.79
2233.77
2230.57
2225.12
2231.26
2238.55
2238.23
2236.63
2182.07
2228.21
2159.86
2237.40
2238.58
2207.42
2228.82
2165.85
2240.63
2235.69
2176.16
2206.37
2243.00
2222.61
2239.16
2238.15
2238.87
2200.28
2239.40
2239.16
2236.53
2236.23
2240.92
2233.93
2219.14
2217.67
2167.78
2234.78
2235.39
2166.37
2240.62
2230.09
2220.92
2108.46
2075.89
2224.57
2162.95
2229.02
2223.94
