984.75
1009.86
1003.76
1016.19
1015.87
1016.70
1009.93
1016.49
992.81
1017.83
1014.44
1014.37
1006.27
1015.53
1012.50
1008.68
1009.79
1011.26
1011.70
1013.16
991.58
1016.94
1014.55
1015.88
1006.15
1013.66
1015.89
1016.72
1015.11
1016.78
1013.59
1015.19
1016.31
1015.31
1016.38
1015.16
1015.82
1013.07
1015.61
1016.32
1010.98
1016.48
1014.22
1017.20
1015.55
1016.65
1016.58
1015.96
1007.04
1016.74
1016.02
1017.25
1016.17
1013.62
1000.63
998.97
1017.12
1016.56
1016.22
1014.47
1015.46
1015.99
1017.47
1006.62
1002.58
999.21
1016.72
1014.34
1015.12
1015.33
1016.32
1017.39
1015.09
1014.12
1005.23
1007.54
996.80
1015.61
1015.99
1014.32
1015.40
1019.04
995.21
1016.14
999.00
1017.24
1015.50
1015.30
1008.44
1013.45
1014.15
1015.01
997.58
997.85
1013.53
1015.85
1011.58
1013.22
994.52
1016.45
