557.46
558.10
560.00
555.56
553.47
559.70
559.35
559.58
559.18
559.74
559.39
559.44
557.56
560.23
559.67
560.05
558.82
557.20
560.52
559.59
558.72
559.47
560.65
558.52
559.67
560.25
559.66
559.93
555.28
556.74
556.90
556.42
558.30
560.25
558.71
559.57
559.35
560.08
559.85
560.09
547.98
559.61
559.36
560.50
559.93
555.61
557.98
556.52
559.16
555.10
560.11
559.65
559.71
558.94
559.62
559.56
559.32
559.85
557.48
559.79
559.55
560.13
560.00
555.94
560.04
560.32
556.59
558.29
559.80
558.84
555.71
559.96
560.09
558.13
559.86
559.09
558.79
559.89
556.02
557.50
559.89
558.66
559.26
559.53
557.77
559.66
559.42
560.36
560.45
558.99
560.60
560.27
556.36
560.16
555.98
558.47
560.45
558.57
557.01
558.45
