929.13
929.54
935.53
937.13
933.11
937.33
937.44
938.31
936.54
936.43
923.86
935.97
934.24
935.51
936.59
935.96
935.64
932.52
935.06
935.40
937.06
936.38
935.79
936.23
936.65
936.16
936.64
936.35
928.72
936.65
935.00
935.89
934.76
936.73
936.62
934.93
917.92
934.46
931.95
931.27
935.79
929.45
936.27
935.28
935.30
934.92
919.76
930.32
919.08
936.53
937.18
936.09
936.77
937.22
936.18
935.88
936.77
935.16
933.29
936.15
939.18
935.30
927.31
934.96
935.11
935.50
937.07
927.79
936.50
935.97
935.05
936.43
936.15
921.74
936.92
937.01
936.94
937.72
932.71
933.81
937.31
935.46
924.57
937.94
933.47
931.72
934.01
923.07
936.08
935.93
936.06
935.38
936.76
929.65
932.31
937.72
936.91
935.11
938.21
935.19
