1361.29
1364.23
1364.55
1378.67
1377.93
1376.76
1350.83
1379.19
1375.59
1380.81
1375.81
1377.83
1376.87
1377.41
1335.78
1344.65
1371.05
1377.15
1378.36
1379.12
1339.38
1355.31
1374.09
1378.41
1378.09
1378.04
1379.48
1377.10
1376.99
1377.81
1378.36
1373.51
1365.90
1376.20
1378.05
1324.45
1375.33
1373.43
1358.36
1375.87
1342.11
1353.19
1378.28
1375.29
1378.12
1373.18
1353.50
1374.42
1377.49
1377.40
1376.39
1359.20
1365.12
1378.95
1376.79
1375.49
1375.94
1375.99
1379.61
1368.41
1377.90
1375.21
1375.99
1374.98
1376.79
1376.54
1344.73
1379.98
1379.12
1376.28
1369.10
1380.21
1374.54
1373.31
1369.48
1374.51
1378.91
1335.14
1335.87
1378.32
1369.15
1374.61
1376.38
1376.21
1374.29
1377.63
1378.62
1360.67
1367.71
1379.66
1376.54
1348.24
1361.67
1375.35
1376.81
1377.65
1375.81
1375.96
1378.55
1368.71
