1220.84
1219.13
1219.43
1228.58
1230.57
1227.94
1231.92
1230.70
1229.42
1224.36
1229.00
1231.43
1214.31
1229.50
1230.26
1227.82
1227.87
1213.65
1230.73
1230.92
1231.50
1230.02
1221.29
1227.26
1232.56
1230.55
1228.75
1232.18
1230.29
1205.69
1227.79
1217.22
1230.32
1228.91
1230.25
1226.89
1222.32
1224.15
1225.93
1226.62
1230.80
1229.73
1231.47
1231.19
1229.33
1228.73
1231.45
1231.01
1231.76
1223.66
1231.93
1227.47
1227.52
1227.75
1229.05
1207.02
1228.81
1230.66
1231.90
1220.13
1230.58
1230.77
1217.79
1226.64
1209.08
1207.62
1229.56
1230.98
1230.40
1216.14
1229.43
1228.09
1206.72
1228.88
1232.37
1232.68
1222.76
1218.83
1219.40
1215.25
1219.64
1214.31
1217.78
1219.13
1220.29
1221.33
1213.77
1219.26
1217.40
1215.67
1199.18
1196.00
1187.04
1214.99
1219.79
1216.99
1219.78
1211.54
1188.33
1209.58
