1280.14
1281.29
1252.56
1294.47
1298.17
1297.42
1260.47
1297.42
1294.66
1296.67
1292.86
1296.73
1267.39
1295.08
1296.72
1294.49
1287.13
1295.78
1295.28
1276.81
1295.00
1269.66
1257.14
1293.35
1279.71
1259.47
1293.53
1296.23
1293.87
1237.41
1294.00
1297.25
1295.56
1294.32
1296.32
1297.61
1296.13
1297.86
1297.81
1294.78
1297.42
1297.09
1293.47
1294.28
1296.06
1297.18
1295.09
1296.96
1297.53
1293.66
1294.54
1293.98
1296.38
1295.44
1293.56
1288.42
1294.81
1278.87
1293.32
1296.59
1261.21
1279.17
1267.12
1298.24
1291.60
1295.50
1296.70
1271.09
1292.83
1297.91
1298.01
1232.32
1295.12
1296.42
1297.48
1296.27
1289.92
1297.80
1291.18
1297.01
1296.75
1291.42
1295.25
1297.89
1296.07
1295.48
1296.36
1297.09
1295.62
1297.24
1291.05
1300.08
1291.60
1290.30
1296.62
1278.38
1295.66
1290.64
1296.11
1282.47
