616.82
616.42
618.69
619.53
617.90
615.66
616.01
617.11
619.35
615.31
619.65
618.36
618.95
618.19
618.98
619.13
618.11
619.10
618.04
619.09
611.58
618.55
619.54
619.37
619.83
618.54
615.74
618.46
615.05
618.73
618.57
615.02
618.72
615.15
619.03
618.70
619.43
618.02
615.53
618.57
618.63
617.97
618.27
618.73
614.20
618.16
618.63
614.65
618.72
617.81
618.67
618.22
610.06
613.25
618.81
618.17
619.67
618.24
616.51
619.09
618.05
615.50
618.06
616.77
620.01
617.63
618.61
617.36
619.16
618.33
619.21
618.43
618.65
619.27
612.45
614.63
618.47
619.22
618.89
618.59
619.36
617.46
618.64
618.27
619.12
618.30
615.42
619.23
617.65
617.36
618.80
619.63
618.15
612.98
618.48
609.72
619.20
617.68
619.20
618.39
