1051.88
1053.04
1055.73
1062.32
1060.26
1061.11
1045.98
1062.92
1062.22
1063.68
1061.63
1063.53
1060.18
1057.73
1061.19
1060.17
1056.64
1060.87
1059.30
1063.38
1063.89
1063.11
1062.03
1063.96
1062.05
1061.86
1061.81
1036.18
1060.95
1059.13
1064.05
1062.58
1061.56
1061.74
1063.58
1045.52
1048.90
1060.15
1057.52
1048.51
1049.02
1063.75
1063.63
1061.08
1062.71
1059.96
1061.72
1063.02
1055.78
1061.67
1060.63
1062.43
1060.90
1061.35
1062.18
1061.57
1061.09
1063.40
1063.57
1061.56
1056.83
1064.12
1061.90
1063.64
1063.61
1061.48
1060.45
1062.87
1061.96
1063.72
1039.66
1055.60
1059.65
1062.38
1062.36
1037.70
1061.34
1059.08
1060.72
1058.07
1060.98
1061.12
1061.68
1062.90
1060.99
1040.36
1030.01
1059.00
1063.95
1061.24
1063.46
1049.07
1028.35
1063.19
1061.22
1062.35
1060.40
1060.25
1063.05
1063.55
