584.73
585.38
587.86
587.77
587.93
587.72
586.14
588.02
587.51
587.08
588.49
585.60
584.87
587.11
587.94
585.83
587.35
585.00
588.15
587.41
587.14
587.45
585.69
586.87
587.58
587.83
587.81
582.82
588.20
588.17
584.60
582.78
588.77
587.86
588.54
584.46
587.54
585.81
585.82
584.76
588.23
587.32
587.55
587.40
588.24
587.10
588.03
587.34
587.77
587.88
588.10
587.28
587.34
587.48
587.58
587.75
588.17
587.24
587.33
585.74
587.68
583.99
587.09
585.16
584.72
583.62
587.27
587.52
588.01
588.31
586.45
587.43
586.19
588.06
585.10
587.93
587.96
584.94
588.55
588.57
587.52
587.10
588.51
588.08
586.59
588.06
587.13
588.26
584.46
587.92
587.82
588.21
588.15
588.57
587.60
587.52
588.23
584.07
587.87
587.96
