1651.54
1661.14
1654.23
1681.48
1683.05
1674.74
1673.32
1652.01
1682.11
1654.26
1673.63
1683.60
1675.68
1653.85
1672.81
1666.85
1688.32
1668.75
1675.14
1675.91
1684.41
1680.69
1673.52
1621.69
1672.08
1623.46
1669.54
1680.55
1616.57
1670.57
1684.67
1622.20
1662.46
1671.47
1675.74
1646.84
1673.25
1673.31
1673.09
1636.21
1597.11
1656.69
1673.16
1662.16
1676.25
1625.11
1674.21
1672.24
1672.50
1671.91
1673.84
1677.34
1623.09
1600.90
1635.24
1674.07
1671.15
1615.02
1673.20
1677.02
1672.00
1673.91
1595.13
1671.56
1582.95
1659.85
1638.71
1671.21
1640.02
1673.84
1672.28
1675.45
1674.46
1675.93
1626.59
1612.22
1597.09
1668.79
1674.53
1674.77
1661.66
1672.07
1600.65
1671.41
1673.86
1661.39
1673.27
1659.42
1670.80
1676.31
1672.50
1677.02
1677.31
1617.86
1678.63
1674.86
1677.29
1676.70
1672.47
1674.50
