1548.65
1553.11
1540.74
1523.98
1499.42
1563.12
1569.19
1571.36
1567.58
1559.68
1558.84
1516.34
1568.94
1500.02
1551.13
1568.90
1569.01
1568.65
1549.54
1535.77
1498.03
1569.82
1570.34
1555.93
1570.86
1567.80
1561.32
1543.16
1518.79
1568.53
1553.79
1565.08
1563.14
1569.81
1571.49
1481.06
1562.05
1561.61
1562.87
1560.90
1566.51
1568.33
1562.66
1566.22
1569.40
1537.75
1567.93
1569.59
1566.88
1570.59
1569.19
1522.41
1564.55
1568.31
1565.96
1568.34
1565.10
1558.00
1559.90
1568.86
1569.15
1565.55
1566.38
1556.19
1563.95
1569.05
1570.24
1570.03
1542.17
1551.29
1566.44
1554.88
1564.58
1570.04
1571.49
1565.88
1570.92
1566.68
1573.27
1569.10
1572.77
1569.82
1547.03
1568.54
1563.26
1563.38
1564.71
1569.30
1491.16
1506.56
1566.50
1529.81
1552.00
1493.22
1549.77
1552.31
1566.48
1569.58
1544.10
1571.56
