568.48
569.09
573.01
572.98
573.38
574.02
572.87
571.58
571.80
572.10
572.56
572.81
573.60
571.97
571.21
573.33
571.78
570.40
572.15
572.85
572.24
569.16
572.65
573.42
569.52
568.08
569.15
568.71
572.69
571.94
568.26
571.80
571.01
572.25
569.57
571.44
568.39
573.17
571.82
573.16
570.38
569.87
572.25
573.03
573.20
568.58
573.33
569.17
573.27
572.72
572.45
572.34
573.04
572.07
572.89
571.76
572.47
568.42
573.21
572.93
572.36
568.39
569.65
573.13
573.08
572.38
572.77
571.09
571.60
573.30
574.29
570.43
572.91
573.20
570.26
568.20
572.85
572.72
570.95
569.72
568.11
572.93
572.97
572.43
569.21
572.25
573.44
570.19
572.85
572.59
573.60
572.50
573.16
572.12
572.00
567.82
573.27
571.31
573.04
573.39
