965.92
967.66
973.05
974.33
975.97
974.75
974.27
975.96
975.99
975.63
974.20
977.06
954.93
961.81
976.47
974.75
974.82
975.08
975.48
974.58
960.62
972.63
975.64
960.39
974.59
961.20
973.56
973.18
976.53
976.94
975.41
976.39
976.27
977.33
975.25
974.31
976.03
973.48
975.81
976.77
974.94
956.73
963.18
976.47
970.76
975.37
976.38
975.35
976.80
975.42
974.18
974.11
975.50
974.82
973.05
976.62
971.27
976.10
970.31
976.18
976.09
974.79
975.08
974.22
975.34
976.23
974.60
973.81
974.40
958.09
976.88
974.75
973.72
961.13
974.68
976.02
976.01
974.52
974.92
975.16
975.87
976.22
958.89
975.05
974.52
975.81
975.94
973.88
977.43
971.52
954.86
975.76
975.56
951.92
954.79
976.63
976.09
975.68
976.01
975.95
