649.13
650.03
652.20
653.20
653.05
651.23
646.29
652.82
651.55
652.68
635.83
648.78
650.47
652.80
652.18
648.76
647.05
651.49
642.22
652.57
653.18
653.23
650.46
653.16
652.25
651.61
651.98
652.25
653.39
646.69
642.21
652.16
651.98
647.26
646.90
652.23
651.94
652.16
653.16
652.94
652.71
651.54
649.30
652.81
651.59
649.20
652.88
652.82
652.00
641.44
652.34
650.08
651.60
650.07
653.23
652.36
651.60
650.59
648.58
652.98
653.14
646.43
652.74
652.46
646.48
652.48
651.51
653.00
652.45
650.24
651.67
652.79
650.74
651.95
651.73
651.41
652.21
651.96
652.13
652.65
652.14
652.02
652.64
653.15
652.18
652.65
653.12
650.75
652.47
651.67
647.95
648.72
652.09
650.75
650.74
653.51
652.20
652.04
650.82
650.89
