894.30
895.16
900.67
882.98
900.51
901.05
903.09
903.46
902.20
900.73
901.98
900.28
901.66
901.07
901.71
900.98
900.65
901.46
900.80
898.29
893.56
890.98
901.00
889.86
902.63
902.03
886.41
898.77
893.83
902.59
890.00
900.35
900.76
903.25
902.92
901.43
901.13
901.04
902.07
904.01
897.78
899.13
901.10
902.14
902.43
902.21
899.30
901.63
902.73
897.72
902.37
902.12
901.80
903.03
899.53
901.47
902.64
901.77
896.94
901.67
901.51
902.79
886.57
902.21
899.38
898.85
902.41
888.68
901.38
897.86
901.50
899.86
901.53
890.76
903.97
891.97
901.51
899.87
899.95
900.96
904.21
883.22
899.87
890.92
901.83
900.27
901.75
881.50
902.92
888.27
896.40
900.95
896.49
902.09
888.99
894.10
902.91
899.67
897.89
901.41
