686.47
686.84
692.21
690.73
690.62
690.33
687.22
690.36
689.93
690.70
685.28
691.12
689.45
690.93
685.97
691.00
684.54
692.14
689.44
691.53
690.10
686.36
684.67
684.31
691.53
683.45
684.68
691.01
688.98
690.35
683.75
688.66
690.61
688.01
690.48
688.61
690.87
691.77
690.13
691.39
690.47
692.07
690.53
691.41
692.26
688.33
691.01
691.50
691.05
690.41
690.32
690.50
686.37
692.05
684.66
690.21
691.23
692.05
691.37
691.59
690.53
691.75
691.76
689.10
690.35
690.97
690.22
685.77
690.20
690.24
690.99
686.12
690.29
690.30
690.43
690.51
685.33
690.34
690.04
684.14
688.72
690.94
689.61
691.61
691.45
690.98
691.57
691.18
685.57
690.27
690.97
690.71
691.20
690.64
690.42
690.48
690.49
691.51
684.48
691.02
