632.46
627.77
634.89
634.70
634.57
634.68
634.22
634.58
630.70
634.70
634.84
631.47
634.71
634.30
634.90
634.54
634.68
633.68
634.13
634.80
633.45
634.36
633.86
633.64
635.19
631.78
634.36
634.22
634.82
634.33
631.17
634.42
633.47
635.09
635.62
635.11
631.00
631.64
634.58
632.13
634.73
635.30
634.86
634.29
635.47
635.54
631.45
630.83
634.78
635.00
631.22
634.55
635.47
634.76
635.18
634.90
635.09
633.66
634.26
635.74
636.28
630.58
629.28
635.07
636.38
630.43
635.79
631.47
634.47
635.08
635.93
634.57
634.53
635.67
629.09
630.56
634.65
631.72
630.92
630.46
630.46
635.71
635.13
633.41
635.05
631.16
634.51
634.18
626.66
633.78
635.23
634.22
634.05
633.68
636.18
634.69
633.24
634.38
628.54
635.07
