1044.98
1065.18
1054.96
1060.98
1063.47
1064.30
1080.85
1066.35
1061.34
1066.62
1059.01
1060.32
1062.49
1066.92
1060.56
1055.65
1064.32
1066.71
1074.33
1059.54
1066.77
1064.74
1065.10
1073.77
1055.08
1045.14
1066.33
1051.94
1065.70
1068.55
1058.84
1061.91
1055.44
1065.90
1073.72
1062.34
1064.39
1061.72
1059.98
1062.13
1062.96
1058.34
1061.69
1058.00
1059.28
1059.20
1066.13
1062.77
1052.41
1067.95
1074.55
1044.58
1061.98
1070.66
1093.59
1080.25
1061.53
1057.71
1070.26
1062.28
1061.98
1061.83
1081.87
1056.41
1057.49
1050.96
1059.38
1070.01
1064.52
1056.13
1062.70
1081.52
1059.32
1058.27
1057.67
1059.57
1061.10
1069.66
1063.93
1066.61
1049.66
1069.80
1061.62
1059.75
1058.43
1057.54
1058.85
1061.17
1050.15
1067.34
1069.33
1061.48
1068.46
1057.71
1061.83
1065.65
1075.20
1068.14
1041.22
1060.19
