799.11
792.46
804.05
798.62
802.90
804.18
800.97
804.65
807.44
807.14
807.62
807.58
806.59
807.55
808.27
805.39
807.79
806.88
804.98
806.18
806.98
797.75
808.30
808.24
807.64
807.62
806.57
809.05
808.08
800.04
807.94
808.14
808.52
807.79
807.17
808.12
805.04
806.09
804.72
808.32
801.23
807.08
800.17
808.16
808.22
807.69
807.73
807.94
807.15
796.29
808.50
803.29
805.15
808.22
806.15
805.71
806.67
806.65
806.29
807.90
807.98
798.90
798.75
808.41
807.38
808.64
804.71
807.49
809.46
808.22
807.87
809.06
807.26
806.76
805.64
798.23
797.14
806.39
807.08
807.01
806.84
807.27
807.90
806.98
807.49
805.26
808.52
805.60
806.90
806.87
802.60
805.14
801.13
807.65
799.97
807.51
806.94
806.76
808.35
807.37
