1133.02
1113.25
1139.87
1154.22
1154.69
1151.00
1136.82
1148.19
1132.17
1145.46
1153.49
1134.46
1118.14
1153.22
1153.62
1152.65
1152.00
1126.71
1150.36
1121.12
1153.35
1131.80
1154.81
1154.85
1155.88
1156.47
1136.15
1125.87
1151.78
1148.96
1123.21
1150.26
1150.40
1149.43
1152.37
1126.73
1133.98
1122.89
1120.75
1144.66
1152.75
1124.82
1124.17
1150.43
1150.96
1125.24
1151.23
1145.42
1139.47
1154.06
1154.62
1145.18
1152.87
1145.57
1153.12
1151.71
1150.99
1155.08
1154.61
1149.04
1155.70
1152.45
1154.44
1151.76
1153.35
1138.51
1125.86
1147.06
1134.92
1133.78
1151.07
1152.99
1154.45
1151.67
1151.40
1133.06
1154.05
1152.26
1153.45
1152.04
1157.86
1152.24
1133.33
1127.37
1151.80
1153.15
1136.63
1151.10
1150.25
1151.99
1132.50
1152.16
1155.21
1151.51
1149.89
1150.40
1152.70
1153.13
1156.01
1153.64
