1705.26
1790.28
1790.27
1809.00
1799.45
1819.18
1808.37
1812.62
1806.79
1809.54
1812.35
1809.80
1722.12
1739.02
1809.43
1804.36
1790.90
1815.53
1816.23
1815.75
1817.57
1808.02
1810.54
1802.55
1812.00
1813.24
1807.65
1812.24
1805.77
1726.85
1757.76
1792.36
1810.42
1777.50
1797.14
1811.93
1806.36
1799.58
1808.52
1803.89
1715.79
1813.63
1806.20
1808.34
1813.85
1816.48
1801.33
1813.53
1810.00
1807.48
1726.98
1815.68
1806.64
1810.31
1809.32
1813.58
1814.40
1815.42
1813.67
1814.12
1816.10
1812.32
1808.95
1714.15
1710.12
1812.66
1811.79
1813.08
1814.86
1808.36
1802.18
1811.46
1812.78
1714.47
1717.50
1812.79
1816.25
1813.73
1809.83
1760.75
1807.86
1810.17
1686.65
1815.11
1743.18
1811.93
1801.53
1816.92
1810.85
1809.01
1800.30
1807.31
1813.16
1817.82
1812.23
1815.10
1789.30
1810.42
1802.02
1731.45
