1950.45
1969.11
1975.90
1996.70
2006.41
1972.74
1992.54
1970.00
1989.43
1999.42
1989.73
1992.38
2002.73
2001.20
2004.86
2001.13
1999.21
1983.51
2003.38
1988.16
1876.39
1986.36
1973.03
2001.50
1831.11
1955.91
1997.72
1998.98
1993.56
2002.34
1998.56
1695.94
2004.34
1985.04
1999.94
2001.08
1988.83
1996.46
1981.49
1902.59
1984.89
1982.58
1986.83
1996.79
2000.29
2002.21
2000.90
1980.72
2001.10
1971.08
1999.97
2001.97
1995.68
1993.60
2002.94
2004.89
1992.82
2003.81
1987.09
1998.84
2000.66
2000.36
1987.08
1940.63
1996.39
1998.11
2004.97
2000.15
1994.73
1999.16
1937.31
2003.50
2005.26
1988.07
1863.21
2004.59
1995.19
1992.48
1892.16
1987.74
2002.31
1998.02
1900.10
2000.47
1987.87
1998.24
1946.12
1849.06
1990.97
2005.21
2000.06
1994.81
1989.52
1992.17
1964.44
1994.40
2004.18
2001.98
1987.28
2003.11
