1444.96
1384.67
1447.72
1471.00
1464.32
1465.12
1459.75
1467.65
1446.84
1466.86
1470.50
1466.82
1468.39
1465.28
1467.58
1428.47
1463.42
1464.36
1460.21
1399.58
1469.52
1463.04
1467.93
1465.19
1468.57
1462.32
1459.29
1441.11
1463.90
1408.29
1421.11
1451.64
1455.01
1463.82
1464.64
1466.03
1453.46
1430.70
1459.05
1467.80
1462.87
1465.66
1462.94
1466.92
1465.71
1435.96
1467.70
1466.05
1462.83
1411.73
1461.86
1468.77
1436.37
1397.25
1463.46
1466.41
1466.62
1465.62
1465.43
1462.34
1466.37
1413.10
1454.75
1467.46
1464.93
1467.75
1465.29
1464.56
1462.90
1456.26
1466.44
1464.41
1463.57
1466.45
1462.68
1463.93
1465.68
1415.21
1460.92
1465.42
1461.28
1443.04
1433.02
1466.02
1447.88
1436.53
1462.11
1421.60
1457.78
1466.96
1461.77
1452.12
1464.85
1460.46
1461.30
1467.10
1464.96
1462.77
1463.55
1453.61
