707.51
708.08
710.00
712.06
709.91
710.29
710.92
708.83
706.92
712.03
710.38
711.57
706.57
712.23
711.81
708.57
712.29
711.82
711.58
712.07
707.61
712.04
666.08
711.37
705.99
710.20
711.59
711.66
712.34
711.79
711.20
712.49
711.47
712.02
711.00
710.70
712.06
710.87
712.72
711.32
702.20
712.61
711.51
711.36
711.36
711.97
712.05
712.24
712.40
705.54
712.04
712.24
712.14
712.03
712.74
711.73
713.12
711.83
711.22
712.18
711.01
711.09
711.54
704.61
711.94
711.80
712.58
710.67
710.43
710.37
712.11
708.66
712.04
711.84
712.13
710.69
712.48
712.68
712.52
710.83
711.48
710.91
712.23
711.77
710.70
709.79
708.21
711.68
711.32
711.13
706.94
711.73
711.41
712.65
710.81
711.40
712.28
711.80
706.07
710.96
