731.28
729.05
724.36
720.16
732.88
731.91
728.51
732.82
733.73
732.93
732.69
734.29
732.52
733.39
734.26
734.98
728.99
732.71
732.80
734.41
733.50
734.20
732.87
733.45
734.15
733.01
733.24
726.56
733.48
733.38
731.53
734.01
730.93
734.00
733.14
733.56
733.13
734.43
734.52
732.99
732.07
732.81
725.75
731.39
733.68
733.16
732.00
732.19
731.61
732.82
733.11
733.14
733.57
733.50
732.91
731.70
724.59
732.89
733.26
733.27
732.76
726.89
725.38
729.56
733.06
733.48
735.12
734.07
732.95
725.94
734.33
732.68
733.44
734.19
728.21
733.10
733.96
733.06
733.39
733.99
733.12
732.86
732.43
733.46
730.33
726.62
733.04
730.36
733.11
733.57
733.53
733.03
732.05
723.14
733.47
730.65
734.08
733.07
733.39
732.43
