660.83
667.43
670.27
665.47
669.88
661.01
670.03
671.52
670.75
671.21
671.05
671.09
670.65
671.49
670.98
671.24
671.02
672.00
669.94
671.84
670.65
671.28
668.51
667.31
671.36
670.41
671.72
666.54
671.32
664.72
670.83
670.86
672.15
672.37
670.95
670.95
663.75
671.10
666.67
667.07
669.83
670.75
670.57
671.83
669.30
672.05
670.53
671.21
671.26
669.17
671.51
667.10
664.06
670.63
670.67
667.53
670.33
671.51
670.51
669.74
665.07
670.28
671.51
670.96
669.27
672.41
670.17
670.94
670.52
666.53
670.78
666.37
671.19
670.96
669.37
671.52
667.14
668.69
670.45
670.13
671.75
668.44
665.76
665.33
670.98
664.68
665.07
672.27
670.41
670.15
665.27
670.60
671.98
670.78
664.75
670.77
671.94
671.28
670.26
671.24
