600.04
598.66
600.48
599.14
603.21
602.85
597.16
602.49
601.91
602.18
598.48
602.79
603.12
602.26
602.53
602.66
603.57
602.68
602.27
602.72
599.21
602.58
601.49
603.29
599.00
602.30
603.39
601.25
599.00
602.32
601.98
599.17
603.38
602.87
603.26
600.63
596.82
602.80
601.31
603.76
603.63
603.42
603.61
602.78
603.09
598.82
602.41
603.26
603.23
599.08
602.42
602.94
601.96
603.54
595.23
603.07
601.33
603.06
602.61
595.66
599.94
602.74
602.36
602.19
602.72
602.98
602.93
601.37
597.66
603.58
602.58
602.81
603.65
603.39
602.74
603.31
603.29
602.07
602.85
603.32
603.19
603.78
602.61
603.80
600.54
603.29
598.20
602.85
603.48
603.26
602.50
599.05
604.21
603.77
601.50
603.26
602.76
600.20
598.19
603.36
