684.09
695.73
698.69
699.88
698.96
688.22
688.47
685.62
692.67
699.79
695.78
698.05
697.95
690.32
692.05
696.95
700.02
699.86
692.91
698.82
685.33
685.81
693.30
698.84
698.76
699.53
699.37
691.77
689.67
698.48
697.55
699.51
692.30
696.16
691.39
682.85
699.69
694.23
696.36
691.19
699.79
699.29
687.79
698.29
698.65
699.53
698.98
697.95
698.39
686.47
691.71
698.68
699.37
697.60
699.31
690.91
688.07
689.42
695.94
700.61
700.47
698.65
699.76
697.49
686.84
699.66
698.83
699.39
690.69
698.96
697.30
689.13
687.21
697.68
699.84
692.73
698.66
699.88
688.24
695.57
695.41
699.95
690.62
699.58
697.48
688.45
691.99
699.71
699.67
698.10
699.90
700.34
690.75
687.99
695.01
700.27
699.26
692.46
699.57
698.20
