777.78
776.54
783.33
784.20
779.31
781.86
783.61
783.16
776.50
783.11
783.60
782.52
770.45
784.45
773.94
783.55
783.25
775.95
782.27
783.04
772.79
784.74
785.04
784.17
771.53
773.31
774.10
771.81
767.63
785.06
783.91
783.76
773.56
779.64
784.86
763.42
784.10
782.52
782.91
782.72
784.68
782.21
784.56
783.81
772.69
784.03
783.39
784.03
776.42
784.08
783.68
783.73
781.16
784.77
784.70
783.98
783.48
783.69
784.19
783.43
780.90
784.28
782.21
782.69
785.40
780.74
781.43
783.49
784.09
771.53
784.56
784.50
780.94
782.87
782.45
784.43
782.99
784.83
770.54
784.01
785.51
784.47
783.84
781.05
783.12
783.74
781.74
772.76
783.27
783.55
784.79
784.72
785.62
777.40
783.69
783.66
783.13
785.33
784.86
784.30
