1036.59
1020.14
1053.47
1053.13
1052.68
1045.22
1046.59
1052.15
1053.65
1055.36
1052.89
1029.78
1053.71
1053.16
1056.99
1052.57
1054.49
1054.16
1052.01
1055.03
1053.70
1012.07
1048.43
1053.16
1053.74
1036.17
1054.22
1024.50
1025.80
601.43
1054.82
1055.54
1054.05
1052.69
1053.14
1054.17
1051.81
1049.43
1057.08
1052.82
1049.99
1017.79
1054.29
1051.76
1054.98
1053.04
1055.80
1054.68
1054.55
1054.90
1052.31
1054.62
1053.36
1039.21
1050.95
1037.94
1022.24
1053.95
1029.00
1056.02
1053.10
1053.80
1053.97
1057.27
1052.92
1055.19
1056.96
1053.98
1051.48
1055.19
1054.05
1056.12
1052.95
1053.84
1054.39
1051.18
1017.64
1051.36
1052.65
1054.03
1053.47
1037.85
1053.40
1052.68
1051.95
1051.80
1050.80
1050.18
1053.91
1055.35
1052.46
1053.92
1036.77
1054.25
1042.41
1051.99
1027.79
1054.09
1053.96
1005.98
