806.99
763.87
737.19
741.36
779.63
718.74
715.08
1090.09
1089.96
1086.50
926.45
913.58
1079.83
1083.40
1090.73
1073.36
1087.08
1084.82
1087.60
1039.32
1094.20
1091.12
1067.13
1091.26
1091.73
1095.40
1092.92
1088.00
1093.30
1093.45
1087.43
1091.99
1093.13
1090.18
1095.68
1077.33
1093.81
1089.73
1091.05
1092.29
1090.64
1085.21
1092.19
1094.06
1092.78
1075.60
1084.17
1093.81
1091.12
661.47
791.54
1092.43
1077.56
1083.44
1092.14
1093.83
1087.91
1070.84
1065.84
1064.58
1063.89
1095.39
1072.67
1095.29
1067.43
1093.71
1092.40
1034.27
1093.38
1091.27
1093.97
1092.24
1091.87
1087.34
1094.42
1090.49
1044.56
1085.73
1075.55
1062.12
1091.82
1089.54
1069.71
1092.61
1092.77
1091.75
1091.91
1091.75
1090.86
1093.42
1092.20
1091.52
1075.79
1093.10
1091.90
1091.94
1091.74
1087.91
1092.56
1091.53
