666.06
677.96
672.43
681.04
679.69
680.71
679.76
669.26
672.81
664.21
680.63
678.21
680.21
678.08
672.77
680.09
680.49
680.84
680.06
680.74
678.98
669.61
680.47
680.45
680.88
672.87
672.64
677.91
667.97
681.38
678.98
679.71
681.62
677.72
680.42
667.91
681.05
680.17
681.12
680.29
680.64
673.20
667.61
680.95
678.88
678.21
675.93
675.68
680.31
669.30
677.06
673.63
681.43
680.63
680.79
680.85
670.53
675.56
679.97
679.23
680.32
679.25
675.12
669.75
670.85
680.42
677.31
677.40
681.72
678.92
675.45
671.69
681.78
679.29
681.90
679.67
681.20
679.45
662.50
675.25
680.57
679.09
681.05
680.22
679.84
670.93
681.86
679.58
680.59
675.84
680.91
680.82
664.98
677.09
681.68
681.11
680.95
681.03
680.84
670.11
