1303.36
1302.82
1296.54
1340.89
1344.73
1342.23
1253.01
1343.03
1344.58
1347.03
1344.56
1341.98
1344.81
1347.55
1346.05
1343.75
1342.16
1339.97
1339.27
1334.43
1290.72
1345.62
1346.47
1302.30
1348.65
1299.72
1344.94
1342.40
1334.74
1346.72
1334.44
1341.35
1345.22
1342.64
1338.49
1340.30
1343.44
1327.20
1345.73
1348.48
1349.05
1334.44
1343.93
1325.40
1290.40
1319.26
1346.98
1327.02
1341.21
1341.00
1339.75
1341.41
1340.78
1324.76
1296.94
1340.40
1281.58
1344.29
1348.67
1339.29
1345.01
1345.17
1311.35
1347.43
1344.75
1335.27
1348.19
1331.12
1344.64
1344.44
1342.69
1343.44
1345.43
1350.17
1349.55
1350.13
1278.56
1347.19
1341.24
1343.35
1346.71
1330.13
1345.55
1307.18
1318.21
1332.87
1347.19
1337.07
1341.90
1348.55
1312.66
1345.35
1337.04
1325.01
1333.80
1348.72
1339.86
1284.87
1347.40
1345.75
