712.46
712.45
702.35
705.48
635.36
717.33
714.56
715.19
717.76
717.95
707.91
706.47
713.68
717.09
717.84
717.46
718.24
716.73
709.62
708.11
715.40
716.88
715.87
717.18
711.79
715.45
700.31
717.00
718.01
713.06
716.91
717.96
716.77
705.00
712.02
714.74
707.53
703.62
713.06
716.80
705.77
708.29
717.87
718.11
717.57
717.63
717.60
708.57
704.42
718.52
716.80
718.00
708.92
718.78
717.77
704.40
576.70
718.03
716.67
718.21
713.41
717.50
710.44
705.74
716.61
715.24
714.35
716.71
713.94
716.88
704.04
717.39
717.17
714.51
717.76
716.94
717.39
706.91
706.55
717.72
707.13
716.12
717.08
707.24
694.21
704.10
717.97
714.45
717.87
717.33
711.44
717.55
706.53
696.05
717.71
717.11
717.13
716.46
715.33
706.36
