644.75
644.64
630.78
639.42
645.35
646.68
646.90
647.68
646.63
636.36
642.63
646.61
648.09
648.69
648.02
641.30
634.96
643.90
648.25
645.98
647.97
642.50
644.63
635.50
648.57
647.86
648.06
647.48
643.44
644.84
637.44
648.28
646.04
641.60
644.35
648.28
643.22
640.10
643.18
647.12
643.34
648.19
641.95
638.91
644.51
646.00
648.24
648.09
647.45
645.20
637.30
645.40
644.94
648.04
647.64
642.25
641.20
635.83
646.83
648.06
646.93
648.75
647.30
647.61
636.71
647.29
647.06
646.20
641.52
642.60
646.63
636.99
647.08
647.16
644.77
642.26
647.25
640.48
638.95
645.36
648.36
643.45
648.07
641.41
637.18
643.44
647.10
647.42
647.32
648.27
646.82
636.37
646.04
647.11
647.41
646.27
643.58
636.37
637.64
647.07
