1655.93
1652.61
1649.82
1674.88
1683.85
1683.43
1679.82
1684.78
1640.28
1679.93
1676.74
1680.77
1682.54
1683.45
1687.82
1661.70
1680.35
1673.91
1674.57
1648.14
1670.80
1678.24
1590.00
1667.59
1679.38
1668.27
1673.81
1668.34
1663.59
1678.34
1666.99
1671.92
1669.44
1664.46
1665.76
1674.69
1668.54
1562.36
1669.26
1673.63
1612.50
1663.70
1673.04
1673.47
1675.49
1667.70
1670.15
1672.13
1677.04
1595.49
1667.92
1680.74
1653.69
1689.82
1668.48
1678.12
1674.37
1673.66
1675.35
1674.42
1674.43
1594.17
1676.67
1672.67
1671.72
1673.11
1595.40
1588.28
1675.81
1675.71
1662.95
1648.24
1668.67
1667.62
1671.00
1663.71
1669.85
1675.52
1676.85
1668.19
1671.19
1668.92
1669.99
1674.20
1661.29
1658.71
1545.27
1674.76
1668.89
1675.66
1671.30
1654.00
1654.18
1669.57
1673.26
1671.56
1588.65
1670.39
1660.65
1667.33
