1089.40
1105.98
1107.54
1109.22
1095.79
1116.13
1115.03
1093.88
1114.94
1114.46
1115.90
1111.39
1112.46
1114.96
1115.98
1114.70
1109.85
1109.37
1114.65
1097.18
1113.57
1115.22
1116.48
1110.57
1114.38
1107.18
1113.03
1114.42
1092.83
1077.82
1111.14
1108.69
1116.19
1114.02
1113.44
1113.90
1114.36
1112.30
1110.84
1112.23
1114.20
1102.86
1114.51
1107.15
1110.76
1112.03
1114.37
1111.59
1115.36
1114.53
1100.55
1112.71
1113.64
1116.26
1115.69
1110.98
1107.13
1115.57
1116.18
1116.56
1091.25
1112.61
1088.74
1109.30
1113.72
1115.78
1115.32
1114.35
1115.12
1113.39
1115.59
1093.17
1109.97
1115.28
1114.89
1113.79
1113.10
1116.36
1114.33
1113.33
1114.90
1113.89
1117.58
1115.03
1115.35
1113.72
1113.33
1110.66
1110.11
1110.28
1114.36
1090.37
1110.15
1111.19
1113.47
1115.97
1114.94
1114.50
1099.19
1098.10
