941.74
941.62
940.07
950.32
949.81
948.39
948.65
949.50
947.40
946.90
947.63
944.76
931.86
949.62
939.20
949.78
949.23
945.47
946.50
948.63
948.65
942.72
950.75
926.83
948.84
946.47
949.07
949.45
947.50
943.59
934.67
947.81
946.04
930.01
947.89
922.53
950.73
949.65
949.20
936.77
949.01
948.90
946.11
934.71
948.44
947.23
947.74
928.27
945.36
949.40
950.20
950.04
948.79
948.92
949.50
949.30
948.10
946.75
949.33
946.83
948.73
949.14
947.60
946.61
950.56
948.96
950.52
947.78
949.46
951.51
948.78
949.41
949.40
949.13
948.03
947.48
951.07
947.74
935.23
929.29
948.75
949.66
947.69
947.79
951.07
950.52
948.56
948.05
948.47
947.39
935.93
950.89
937.43
949.29
948.34
945.21
947.69
928.83
947.01
950.64
