880.64
876.41
887.79
877.34
867.04
889.06
875.02
888.96
885.77
879.00
884.33
886.13
887.22
885.71
883.36
888.53
887.25
885.31
879.00
886.56
885.57
869.29
874.41
887.17
887.50
875.04
887.65
885.15
883.13
887.17
887.73
874.62
884.40
887.52
881.07
886.18
867.02
888.90
887.06
884.31
888.48
887.01
887.42
885.49
887.58
887.07
886.38
887.73
886.10
888.20
887.80
884.00
887.35
887.31
886.53
888.07
878.45
885.70
886.27
886.06
887.19
885.82
887.52
887.12
887.89
882.54
873.23
886.87
883.15
887.00
885.21
885.43
885.58
885.93
885.79
887.39
886.49
875.48
889.35
877.42
884.49
886.65
888.73
888.54
887.88
885.66
880.61
884.74
886.57
887.43
874.28
881.06
885.19
888.29
863.85
887.78
885.93
877.74
887.40
883.39
