997.50
1011.90
1016.57
999.78
1014.75
1010.61
1008.59
1000.12
1007.90
1016.17
1017.46
1017.17
1018.94
1018.92
1014.26
1018.43
1020.18
1019.90
1019.21
1021.01
1019.35
1019.67
1003.29
1008.01
1018.29
1015.86
1019.41
1019.06
1016.80
1016.92
1017.41
1005.90
1005.84
998.05
1018.33
1012.66
1018.29
1015.32
1020.04
1017.79
1019.91
1004.40
997.31
1020.25
1020.19
1019.28
1010.17
1021.26
1016.59
1019.01
1017.45
1017.39
750.97
1018.54
1002.27
1013.97
1019.30
1019.22
1018.46
997.80
1005.09
1018.57
983.56
1001.34
1019.69
1020.08
1018.59
1019.17
1020.00
1017.02
1019.29
1003.96
1016.40
1000.64
1018.06
1020.63
1013.79
1012.66
1014.82
1018.94
1019.15
1019.65
1015.19
1018.98
1018.51
996.85
1012.59
994.10
1015.81
1008.91
1015.12
992.09
1002.82
1014.75
1011.51
1016.38
1017.67
1015.22
1015.42
1015.70
