734.48
721.44
733.65
719.27
716.22
724.52
729.06
728.64
726.17
737.83
734.74
714.46
738.34
737.17
738.34
732.91
738.00
738.61
723.97
728.04
735.80
550.63
702.94
718.34
727.17
719.07
735.76
726.50
683.05
578.81
716.88
663.39
723.96
735.70
726.22
736.99
738.19
736.64
725.11
723.31
719.96
734.77
719.67
722.09
713.17
712.58
711.48
663.52
734.07
630.25
737.83
733.62
722.43
734.17
735.98
735.89
735.36
726.95
735.53
725.52
731.78
730.70
738.85
737.83
737.97
736.03
729.83
727.00
737.18
729.45
736.48
737.49
739.13
738.11
725.41
731.17
725.32
736.04
738.01
728.68
729.09
729.07
728.29
739.01
737.90
735.81
738.58
737.69
738.67
725.34
737.64
738.57
737.92
737.93
736.14
738.49
719.14
728.87
739.50
724.90
