855.22
855.80
856.01
856.72
861.03
859.73
849.51
849.25
851.08
860.16
857.67
860.46
840.55
853.47
862.49
860.12
862.57
863.56
862.39
861.18
842.28
856.31
861.02
861.92
856.31
860.62
860.29
858.84
859.01
861.13
847.06
861.89
861.16
858.52
849.45
858.43
861.63
862.35
859.26
860.28
861.57
860.55
863.39
860.13
858.67
860.51
862.48
862.13
832.62
857.31
861.98
849.47
851.23
862.74
860.62
839.04
850.54
849.78
860.77
861.79
863.27
857.15
862.90
859.29
861.48
861.07
852.52
851.64
852.82
857.84
860.21
860.74
846.07
863.64
860.51
861.73
860.50
861.94
862.76
846.47
848.21
857.97
859.23
861.23
859.80
861.18
857.00
862.20
861.36
858.55
858.47
860.83
855.75
861.29
846.93
862.39
861.47
852.38
850.06
852.19
