1667.97
1738.73
1741.76
1769.83
1770.46
1770.94
1773.17
1751.86
1766.16
1775.65
1764.58
1773.28
1775.22
1772.78
1772.83
1779.04
1777.00
1770.45
1773.94
1747.12
1711.93
1777.66
1776.28
1767.52
1683.30
1778.97
1772.76
1772.13
1767.91
1764.35
1778.26
1776.36
1684.26
1769.70
1771.75
1773.47
1773.46
1773.58
1672.52
1761.10
1777.10
1773.24
1771.49
1769.79
1773.44
1769.81
1778.12
1772.17
1775.54
1699.06
1772.78
1733.25
1778.13
1776.24
1773.29
1770.96
1783.59
1777.69
1775.92
1770.29
1771.88
1774.68
1763.60
1749.01
1771.34
1681.11
1774.55
1770.22
1761.07
1773.26
1778.73
1776.18
1774.54
1773.00
1680.12
1766.48
1777.46
1673.75
1679.36
1777.51
1779.41
1771.98
1674.31
1774.07
1769.06
1759.54
1778.39
1772.02
1768.89
1689.95
1769.33
1777.70
1774.38
1774.53
1733.50
1694.67
1675.27
1775.70
1775.98
1769.03
