1120.94
1121.32
1126.20
1125.76
1129.91
1132.41
1130.83
1130.94
1129.17
1131.22
1131.68
1132.39
1129.64
1128.97
1130.62
1126.04
1131.68
1077.62
1071.73
1086.31
1109.06
1001.84
1041.22
1086.66
1069.64
1073.74
1086.14
1074.43
1089.98
1081.92
1076.52
1085.72
1033.85
1082.23
1085.79
1091.88
1057.88
1089.58
1069.99
1076.78
1073.69
1067.96
1078.67
1067.85
989.35
1031.30
1130.35
1114.10
1039.72
1093.54
1075.93
985.32
942.03
1039.91
991.05
994.54
674.60
1025.04
1039.89
973.01
1067.28
589.25
1098.55
1083.29
1079.61
1081.27
1091.36
1057.48
1043.81
1004.74
1047.64
1069.95
1069.57
1066.85
1095.97
1071.51
851.93
517.04
1024.40
1068.45
1069.52
1036.60
991.28
1019.25
1034.60
1043.96
1121.21
593.21
1051.49
787.40
1090.77
1077.91
1010.74
1067.97
1043.01
1105.94
1118.47
791.18
612.99
1133.25
