1377.88
1387.10
1374.92
1405.94
1413.01
1409.98
1405.51
1409.85
1406.61
1410.94
1408.52
1413.07
1407.60
1398.68
1411.17
1414.46
1408.67
1408.18
1408.06
1411.37
1413.65
1409.36
1417.53
1407.73
1348.00
1405.66
1409.33
1410.87
1413.79
1413.31
1408.00
1386.55
1404.42
1414.06
1387.36
1384.56
1411.76
1410.53
1381.09
1413.41
1411.62
1407.91
1356.77
1404.03
1412.08
1410.74
1406.75
1408.09
1361.17
1411.74
1413.22
1409.95
1416.47
1410.01
1411.03
1401.71
1413.45
1408.33
1407.25
1409.20
1413.28
1389.73
1410.88
1398.50
1411.95
1412.22
1407.03
1414.03
1367.82
1404.12
1409.85
1408.17
1396.49
1412.80
1411.34
1408.63
1412.91
1351.32
1406.46
1397.83
1399.00
1352.87
1406.23
1403.27
1407.05
1401.78
1403.35
1385.16
1404.07
1379.01
1404.61
1403.04
1363.29
1398.16
1400.18
1388.85
1402.07
1406.62
1396.51
1402.68
