973.20
973.25
974.02
972.43
975.44
981.57
966.10
980.22
982.39
951.36
926.70
979.55
980.51
981.74
979.98
979.86
978.51
960.13
980.30
982.43
979.63
981.89
981.53
980.30
961.86
980.32
981.91
981.84
979.34
978.86
981.23
978.78
978.97
981.86
980.98
981.48
975.22
982.43
957.87
902.98
904.84
976.46
637.94
980.05
975.36
983.01
980.50
981.77
980.55
980.61
981.96
982.77
972.85
979.96
982.56
968.37
979.59
967.17
979.13
981.43
981.51
973.52
980.89
982.65
980.98
982.82
980.92
982.44
982.34
980.25
980.82
946.70
980.41
981.53
978.85
981.57
980.43
980.26
981.48
980.78
974.97
971.35
976.73
981.02
977.27
982.22
970.83
965.44
982.37
980.73
976.00
965.83
958.01
981.45
979.91
965.73
979.43
981.00
976.44
978.82
