1219.67
1231.59
1231.51
1235.67
1181.35
1230.05
1234.48
1237.77
1232.47
1258.29
1237.71
1231.62
1251.42
1213.41
1233.38
1229.21
1233.99
1224.41
1250.31
1231.28
1230.01
1207.25
1161.57
1244.20
1237.33
1240.27
1236.50
1242.56
1238.89
1242.48
1233.19
1227.10
1249.40
1254.06
1233.63
1230.75
1232.01
1232.64
1224.12
1218.64
1229.91
1256.59
1233.62
1248.36
1239.41
1231.30
1212.12
1229.97
1230.18
1236.92
1235.52
1235.60
1233.60
1215.32
1242.81
1238.13
1234.01
1234.56
1242.04
1247.40
1242.55
1241.42
1232.59
1227.78
1251.08
1233.69
1235.24
1232.94
1240.31
1225.52
1232.15
1220.15
1236.23
1229.09
1234.59
1234.77
1237.83
1238.58
1229.69
1234.60
1252.22
1234.57
1231.09
1230.44
1236.82
1232.22
1248.07
1234.90
1257.82
1229.34
1246.46
1232.79
1194.28
1240.19
1225.99
1223.14
1276.72
1222.35
1235.38
1231.29
