658.07
659.83
663.65
663.77
653.67
661.17
652.42
662.56
662.10
663.65
661.20
660.66
662.57
646.75
654.97
607.44
651.72
662.83
660.40
657.58
645.01
662.01
656.08
661.53
657.17
634.95
653.51
641.86
616.08
654.78
655.44
662.89
663.68
654.33
654.55
656.06
662.17
661.38
658.05
664.38
652.79
654.30
663.62
663.78
661.81
662.73
663.68
653.34
658.23
661.14
663.98
459.69
663.07
657.31
653.64
661.11
662.58
664.25
663.91
662.83
658.99
652.64
662.64
664.32
660.59
663.26
663.28
654.08
652.13
664.09
660.32
663.01
662.46
661.74
659.01
651.66
663.20
661.59
663.85
661.53
663.82
653.90
655.10
663.98
662.17
662.75
662.82
662.81
660.79
653.31
662.74
662.33
661.75
664.03
662.76
662.27
652.31
663.85
662.98
661.77
