821.18
825.71
830.13
829.29
830.24
830.09
830.90
821.14
822.80
827.75
827.48
830.44
830.92
826.00
831.05
820.48
814.48
830.14
830.26
828.67
829.90
826.80
829.34
829.95
830.49
830.21
830.33
829.98
813.71
829.30
828.00
828.87
815.12
826.53
826.21
821.26
826.78
830.18
829.16
830.12
828.40
830.13
829.79
830.40
829.95
829.89
830.13
829.80
829.21
829.76
830.53
827.51
829.98
829.74
829.41
830.21
830.30
828.31
830.94
830.46
832.51
830.45
829.39
825.30
829.57
830.11
830.49
817.59
828.41
825.75
828.72
830.83
830.30
829.72
821.45
830.57
829.88
829.23
818.30
827.79
815.94
828.95
830.54
830.15
830.50
829.11
829.67
829.26
829.80
820.20
826.72
816.02
830.14
828.25
829.58
830.13
829.15
820.90
819.70
828.31
