1450.34
1471.05
1442.33
1480.06
1473.17
1485.94
1469.29
1492.02
1495.26
1498.79
1493.67
1494.23
1408.32
1497.86
1497.78
1476.64
1467.35
1483.76
1499.12
1496.09
1481.28
1493.37
1488.18
1453.61
1496.46
1496.95
1487.46
1500.91
1470.82
1496.16
1495.02
1488.89
1495.30
1443.16
1497.18
1500.12
1498.63
1488.17
1455.20
1493.42
1496.95
1491.19
1491.77
1494.15
1490.91
1367.61
1490.50
1498.31
1489.30
1498.46
1473.57
1500.59
1493.52
1495.11
1494.82
1492.46
1501.52
1487.38
1492.91
1494.14
1491.89
1493.23
1459.74
1491.76
1483.25
1493.68
1499.53
1487.51
1497.37
1501.47
1476.41
1392.05
1491.23
1497.28
1400.48
1496.02
1494.97
1472.54
1494.38
1477.25
1492.48
1478.33
1458.04
1493.54
1492.98
1495.31
1492.61
1493.45
1455.31
1500.57
1494.83
1496.41
1495.95
1489.92
1496.20
1495.25
1494.64
1499.76
1495.57
1460.52
