757.33
757.05
752.03
753.38
759.24
758.82
759.19
757.93
758.44
759.05
757.91
738.44
758.12
758.93
760.40
758.71
758.63
758.06
751.11
758.64
758.91
759.75
759.10
757.41
758.35
757.18
747.89
753.02
752.61
758.73
758.05
759.39
758.11
760.00
757.94
757.58
750.98
758.17
758.99
757.61
758.76
756.76
730.83
759.06
752.23
759.48
752.19
759.04
758.70
757.83
754.57
758.70
758.54
758.12
758.36
757.07
759.56
762.15
762.45
742.51
760.59
763.12
756.67
759.93
750.94
749.50
758.95
758.84
755.06
733.93
727.25
732.89
749.20
684.48
669.71
659.35
640.30
757.14
759.43
504.11
752.05
745.95
749.90
750.70
758.85
757.52
757.84
758.33
748.48
747.38
755.60
757.88
758.83
749.93
751.33
753.11
745.99
750.64
757.22
759.65
