1945.30
1907.85
1956.29
1987.21
1986.56
1981.16
1979.95
1971.89
1996.77
1956.89
1965.53
1982.60
2000.68
1990.02
1993.42
1986.83
1977.87
2000.38
1982.70
1963.33
1989.26
1995.44
2050.06
2059.46
2062.13
2055.05
2059.26
2060.59
2043.31
2062.58
2054.21
2045.74
2043.79
2062.65
2052.95
1966.05
2062.31
2049.71
2062.36
2058.24
2049.40
2062.16
1980.96
2066.23
2059.15
2052.97
2048.41
2054.74
2049.64
2049.56
2063.46
2045.14
2064.16
1800.47
2101.76
2097.87
2071.97
2123.87
2129.05
2127.10
2091.56
2099.67
2096.33
2124.31
2016.90
2124.53
2125.11
2052.80
2129.39
2003.21
2120.97
2121.60
2125.87
2066.43
1970.55
2118.77
2125.43
2118.67
2129.19
2128.20
2109.54
2097.94
2127.89
2124.37
2129.57
2127.08
1969.20
2087.79
2113.20
2111.70
1986.17
2122.90
2123.83
2127.95
2091.69
2096.35
1974.69
2125.91
2106.83
2005.84
