630.55
629.26
632.22
631.39
628.74
619.03
632.82
630.81
632.51
632.76
632.81
624.05
623.75
633.12
631.03
631.67
626.91
626.85
618.92
629.23
632.82
632.09
630.13
632.96
631.94
621.94
632.16
632.95
632.40
632.97
632.78
631.01
621.83
631.89
632.30
633.00
632.37
632.20
626.23
622.24
632.22
632.89
631.70
632.45
632.11
621.75
627.16
632.02
632.12
631.60
632.84
632.53
622.81
627.98
631.90
631.65
631.53
632.56
633.29
621.71
632.02
618.20
628.67
631.04
628.66
630.92
621.71
632.24
632.46
632.28
632.99
632.34
626.26
624.40
632.17
632.30
632.22
620.13
628.44
620.51
628.54
625.16
632.15
630.61
630.89
630.18
617.58
632.79
631.37
631.01
627.91
632.52
621.44
618.88
632.45
631.45
632.09
631.28
632.69
622.97
