1170.01
1177.31
1175.65
1179.16
1176.01
1178.91
1171.78
1175.52
1178.10
1173.25
1172.72
1178.79
1179.58
1178.74
1175.82
1139.93
1158.57
1175.50
1174.95
1153.99
1175.03
1175.91
1169.92
1177.09
1154.31
1181.75
1167.38
1174.98
1178.80
1179.60
1147.48
1177.14
1183.59
1173.15
1179.39
1168.65
1178.67
1176.38
1183.29
1182.47
1171.15
1133.39
1176.99
1176.57
1181.15
1178.33
1180.33
1173.13
1177.61
1148.46
1177.41
1158.12
1174.13
1158.66
1143.88
1180.65
1178.37
1177.75
1174.58
1180.22
1179.95
1175.56
1177.77
1149.25
1181.60
1177.93
1178.47
1176.26
1182.32
1178.75
1170.91
1174.73
1161.78
1174.76
1173.36
1185.41
1179.30
1175.77
1177.53
1176.42
1176.41
1177.67
1178.04
1153.60
1179.50
1150.51
1176.45
1152.15
1150.52
1179.84
1176.82
1175.20
1170.17
1172.87
1179.63
1176.28
1177.71
1171.49
1176.51
1155.96
