1559.75
1551.94
1554.35
1590.05
1596.19
1476.11
1595.33
1593.62
1596.01
1591.77
1592.85
1589.30
1576.49
1545.72
1588.75
1569.83
1592.11
1595.25
1586.23
1583.31
1590.31
1590.76
1587.09
1595.02
1594.31
1594.91
1590.50
1590.76
1586.61
1533.25
1593.88
1561.56
1589.64
1591.70
1590.31
1585.72
1590.03
1590.53
1580.12
1582.65
1587.79
1586.96
1549.63
1587.29
1566.84
1590.01
1590.26
1592.24
1592.18
1589.84
1586.24
1590.14
1588.32
1588.68
1591.77
1588.07
1590.90
1552.02
1588.28
1588.26
1592.38
1592.40
1589.32
1589.28
1551.63
1558.36
1588.47
1581.21
1554.73
1564.21
1553.90
1588.65
1593.84
1589.33
1591.47
1592.20
1588.92
1590.53
1587.44
1592.07
1590.50
1592.15
1575.52
1521.50
1589.84
1592.48
1587.17
1590.42
1578.66
1577.99
1590.04
1588.47
1593.09
1565.16
1460.22
1553.70
1593.49
1555.19
1557.84
1595.73
