907.72
910.26
917.50
919.38
904.48
919.88
919.42
917.33
919.59
909.49
895.97
919.32
918.66
918.43
921.03
921.04
916.94
917.45
917.27
918.33
918.82
920.82
915.32
916.71
917.82
918.66
919.58
921.35
920.31
919.71
919.11
920.80
909.80
918.75
910.63
919.35
919.99
917.43
919.46
918.96
920.12
914.23
909.66
919.30
919.51
917.36
919.96
919.78
919.01
906.25
921.01
919.52
919.36
918.26
917.61
918.12
919.33
919.76
918.63
916.31
917.57
920.39
914.05
919.69
904.20
907.78
909.74
919.04
917.08
919.12
920.14
915.03
919.82
920.47
918.04
919.02
919.48
920.62
919.31
918.29
920.46
905.51
918.86
920.33
920.09
902.04
918.04
918.10
917.07
920.73
921.41
920.00
920.31
919.99
919.25
919.09
916.57
917.43
918.71
919.25
