610.49
615.43
612.77
618.35
607.81
613.37
608.60
618.34
616.91
616.56
615.68
615.21
614.21
607.73
618.13
614.99
618.26
617.87
617.62
610.25
610.90
618.51
613.11
614.87
618.48
614.90
606.77
616.35
618.03
618.01
617.69
618.64
617.16
606.60
615.37
618.24
617.62
616.12
617.45
610.08
606.51
611.96
616.34
617.40
617.52
611.73
607.53
615.99
615.66
618.44
617.90
618.61
608.85
602.98
618.44
612.69
617.35
618.52
617.52
610.46
610.59
618.35
618.05
618.36
615.16
617.64
608.24
614.40
617.47
618.44
618.83
618.63
617.75
609.20
617.70
617.57
618.10
617.48
618.07
612.74
609.69
617.82
617.63
616.51
617.05
616.05
609.14
609.58
617.11
617.87
616.17
618.43
616.17
605.88
617.66
618.12
615.42
616.68
613.83
606.13
