800.60
799.85
807.08
807.95
807.66
741.82
805.51
808.47
807.32
805.97
805.14
806.23
799.40
808.08
807.56
654.61
807.61
808.14
808.47
808.29
807.93
806.08
807.46
807.42
807.95
807.35
806.14
807.14
795.55
808.28
805.87
807.66
806.81
807.96
808.27
805.46
808.40
807.72
808.75
803.88
807.58
796.15
807.88
807.63
807.66
809.80
805.27
797.65
805.49
807.84
807.78
807.33
807.59
807.88
808.01
806.02
806.30
796.88
807.54
807.35
807.39
799.27
795.43
807.09
799.46
808.66
805.97
806.60
806.53
807.55
802.66
808.29
806.70
794.61
799.55
807.73
804.10
807.52
806.63
806.93
807.85
807.96
806.93
807.73
807.19
806.11
808.46
806.31
806.12
806.26
808.66
807.24
807.81
808.20
808.58
804.97
807.10
807.88
805.30
807.92
