1798.93
1908.28
1918.27
1951.38
1960.04
1956.48
1957.31
1956.37
1960.29
1960.58
1958.50
1862.24
1943.28
1957.25
1951.73
1950.89
1953.40
1960.47
1931.03
1960.64
1953.20
1841.56
1952.28
1958.37
1954.01
1963.24
1957.34
1940.01
1959.42
1962.71
1911.88
1944.68
1946.95
1963.07
1960.25
1962.08
1953.55
1960.29
1939.66
1953.83
1955.51
1224.01
1839.80
1949.16
1866.77
1945.18
1879.10
1955.90
1957.72
1952.32
1953.29
1957.49
1955.85
1959.07
1965.55
1958.72
1955.98
1930.93
1935.18
1956.46
1961.08
1962.11
1936.99
1951.86
1879.64
1881.98
1961.41
1944.83
1953.79
1828.89
1956.30
1915.38
1935.84
1955.91
1955.85
1957.17
1916.03
1684.27
1856.48
1947.60
1946.43
1812.47
1951.97
1952.68
1950.82
1949.73
1960.18
1962.55
1945.68
1956.32
1957.87
1951.53
1959.56
1957.75
1913.63
1948.90
1955.38
1956.36
1958.12
1957.34
