959.24
1032.40
1082.81
1082.07
1053.92
1083.30
1056.37
1081.75
1077.72
1083.58
1080.57
1083.17
1083.58
1086.15
1082.69
1084.53
912.40
1080.86
1083.67
1084.33
1085.94
1084.08
1080.93
1078.80
1070.64
1082.95
1083.04
1084.35
1081.10
1080.58
1083.36
1081.61
1080.08
1083.73
1083.89
1083.45
1083.75
1080.96
1084.14
1079.37
1083.19
1082.57
1082.81
1084.13
1084.96
1083.75
1083.55
1082.93
1083.21
1083.55
1083.21
1083.71
1081.99
1081.36
1078.17
1084.25
1081.62
1085.20
1083.77
1083.08
1081.79
1078.34
1081.54
1080.99
1063.62
1058.10
1063.48
1083.44
1082.31
1071.33
1064.73
1083.87
1083.69
1081.65
1082.34
1082.33
1083.39
1083.87
1081.79
1083.76
1077.59
1081.49
1082.94
1082.81
1082.59
1081.85
1080.41
1072.42
1080.99
1083.92
1081.75
1059.45
1079.75
1083.22
1083.68
1082.72
1065.01
1080.62
1080.13
1070.36
