1502.73
1515.19
1532.22
1533.87
1536.71
1542.02
1540.90
1525.15
1539.42
1537.59
1537.94
1486.06
1530.15
1532.44
1532.41
1470.72
1404.58
1535.61
1537.85
1536.08
1531.63
1536.75
1512.47
1527.64
1523.02
1485.93
1530.64
1515.62
1485.31
1536.02
1535.34
1536.00
1530.27
1534.76
1531.41
1537.97
1466.65
1415.88
1534.38
1532.39
1537.47
1534.72
1536.73
1536.48
1523.59
1479.70
1526.48
1535.74
1519.26
1534.73
1536.65
1473.92
1496.55
1528.38
1534.71
1540.08
1536.73
1469.59
1536.00
1527.29
1505.13
1537.74
1534.51
1523.05
1530.84
1536.55
1532.25
1535.70
1536.05
1530.83
1466.62
1531.29
1532.68
1530.38
1534.82
1537.54
1540.71
1537.82
1533.19
1530.88
1538.69
1536.37
1481.59
1536.50
1536.85
1537.40
1541.36
1535.02
1539.51
1523.30
1543.24
1520.13
1522.62
1491.17
1534.06
1535.34
1527.70
1526.06
1540.31
1526.72
