1324.53
1357.08
1357.85
1361.75
1357.47
1363.62
1361.92
1359.96
1320.21
1358.81
1357.44
1358.73
1364.87
1337.58
1358.47
1362.50
1351.49
1357.18
1354.61
1363.36
1360.79
1353.23
1322.00
1293.98
1334.27
1299.29
1311.60
1362.12
1361.99
1356.09
1363.77
1297.01
1357.93
1352.02
1359.53
1356.55
1359.16
1354.58
1361.89
1363.36
1364.18
1348.76
1364.43
1358.26
1357.66
1362.35
1358.24
1363.15
1351.30
1362.05
1362.19
1317.87
1352.17
1357.03
1361.24
1361.99
1358.60
1363.75
1335.66
1357.23
1353.34
1355.00
1360.23
1325.25
1353.45
1328.71
1323.64
1366.50
1348.03
1361.18
1315.27
1357.66
1350.90
1331.66
1358.58
1360.10
1363.47
1360.60
1361.74
1359.47
1360.34
1348.59
1323.00
1349.98
1360.22
1358.58
1351.22
1357.44
1359.71
1356.27
1320.66
1363.38
1356.49
1322.55
1356.69
1342.37
1353.87
1352.78
1312.04
1362.74
