1526.20
1524.34
1513.44
1525.70
1532.59
1523.37
1536.44
1415.94
1517.23
1518.20
1501.11
1528.88
1531.81
1533.07
1497.33
1530.27
1525.03
1516.28
1528.28
1535.50
1519.40
1527.45
1524.22
1530.45
1535.41
1531.13
1535.80
1525.29
1530.54
1514.37
1473.42
1439.79
1479.12
1482.78
1518.94
1517.28
1530.14
1527.97
1514.20
1532.21
1530.72
1527.69
1488.06
1456.10
1521.94
1537.12
1522.20
1487.24
1527.80
1529.62
1532.36
1526.57
1528.37
1533.05
1509.93
1516.99
1521.99
1520.67
1529.96
1492.93
1526.94
1532.70
1524.79
1492.18
1523.52
1534.93
1531.03
1530.07
1523.49
1530.12
1476.99
1526.67
1528.52
1526.91
1534.59
1522.69
1539.47
1534.91
1535.69
1529.52
1496.81
1521.93
1487.79
1534.22
1532.88
1500.12
1533.35
1533.74
1488.78
1489.10
1436.86
1537.19
1530.80
1535.68
1523.49
1532.70
1536.71
1442.99
1512.47
1473.72
