1418.26
1421.59
1417.59
1423.61
1418.55
1418.77
1414.32
1373.74
1409.85
1421.28
1420.07
1419.18
1374.27
1423.33
1421.46
1419.49
1419.21
1387.47
1419.45
1420.93
1420.03
1422.89
1417.94
1421.50
1415.10
1413.04
1410.95
1419.70
1417.52
1419.67
1426.08
1420.85
1423.86
1421.17
1342.25
1419.50
1386.68
1424.18
1423.63
1417.87
1414.39
1409.88
1420.83
1421.04
1420.28
1425.52
1423.46
1397.34
1417.87
1423.87
1427.36
1422.17
1408.49
1425.05
1413.57
1412.96
1416.89
1413.54
1418.96
1419.68
1420.26
1423.58
1421.04
1422.60
1417.93
1414.51
1414.67
1421.53
1418.66
1359.39
1418.04
1423.98
1413.69
1419.13
1423.94
1396.75
1420.42
1423.24
1415.79
1344.71
1420.67
1419.24
1414.74
1422.19
1313.58
1419.74
1417.24
1417.19
1408.96
1410.89
1420.95
1383.31
1423.17
1419.74
1392.89
1427.10
1420.89
1416.55
1422.77
1383.05
