1224.06
1220.53
1224.76
1223.77
1221.94
1223.94
1223.79
1223.08
1223.23
1218.60
1219.77
1218.91
1215.64
1154.72
1223.43
1223.70
1172.53
1220.05
1225.30
1184.34
1222.88
1222.83
1223.04
1224.39
1223.59
1222.88
1202.13
1212.91
1226.81
1223.31
1224.33
1221.51
1224.20
1222.32
1223.02
1224.07
1225.90
1198.13
1193.81
1220.10
1222.28
1222.51
1222.52
1190.29
1224.76
1225.21
1200.94
1221.95
1225.56
1224.47
1220.38
1223.76
1194.24
1200.95
1193.86
1197.19
1218.01
1223.73
1225.50
1221.89
1209.62
1224.05
1193.65
1223.23
1223.37
1225.56
1170.25
1221.81
1223.06
1224.29
1210.73
1227.32
1227.02
1220.52
1218.07
1224.45
1225.14
1222.70
1172.06
1223.77
1222.64
1224.36
1222.78
1224.05
1224.97
1214.62
1221.87
1221.03
1221.50
1223.04
1187.03
1222.97
1222.34
1225.00
1223.24
1224.70
1224.34
1224.05
1223.34
1217.38
