1634.76
1639.06
1644.41
1570.67
1641.19
1631.73
1645.16
1620.52
1637.29
1646.07
1579.79
1638.86
1640.93
1644.52
1640.28
1619.03
1616.26
1642.71
1589.27
1643.62
1607.17
1641.39
1638.55
1634.20
1644.37
1646.86
1643.88
1639.38
1637.77
1644.72
1643.75
1645.07
1645.04
1591.34
1635.28
1635.59
1645.43
1560.54
1594.19
1640.63
1646.00
1604.08
1640.47
1644.39
1638.82
1586.99
1642.90
1643.35
1640.98
1646.59
1643.76
1636.16
1625.77
1634.45
1616.19
1637.88
1637.13
1641.43
1631.87
1645.24
1637.56
1632.82
1627.69
1640.20
1644.18
1642.10
1641.53
1641.38
1643.10
1641.31
1645.21
1628.68
1646.47
1638.88
1643.04
1638.58
1629.47
1642.53
1642.28
1641.60
1563.72
1607.72
1642.23
1635.12
1614.20
1643.14
1645.73
1647.26
1626.82
1642.86
1639.20
1639.59
1637.68
1629.86
1600.66
1584.09
1628.36
1634.38
1609.08
1644.83
