1503.29
1678.57
1629.84
1634.36
1499.45
1628.59
1590.62
1681.23
1646.31
1579.19
1673.54
1681.09
1680.78
1671.19
1574.83
1652.76
1672.45
1680.37
1677.27
1667.36
1659.51
1553.04
1667.74
1661.44
1674.44
1673.40
1681.35
1675.95
1670.34
1645.64
1678.19
1673.69
1662.31
1653.90
1672.66
1676.37
1673.81
1678.65
1677.70
1678.11
1674.50
1677.43
1673.69
1674.90
1655.19
1679.51
1676.03
1681.40
1670.48
1623.03
1669.49
1672.09
1676.69
1664.44
1675.51
1675.89
1678.19
1664.66
1681.73
1564.53
1681.52
1680.62
1673.88
1542.45
1675.88
1677.58
1681.49
1672.97
1582.13
1682.09
1596.91
1666.28
1678.70
1670.89
1629.89
1668.74
1661.07
1681.03
1680.42
1675.04
1677.56
1672.52
1677.57
1675.85
1673.71
1652.52
1669.96
1675.19
1674.45
1666.89
1602.90
1665.32
1669.98
1623.30
1676.56
1672.48
1671.57
1632.21
1663.05
1667.81
