1246.18
1271.04
1276.93
1278.10
1277.55
1272.99
1259.91
1277.89
1269.92
1278.55
1280.38
1273.01
1275.06
1274.76
1279.44
1277.27
1280.36
1278.20
1280.73
1280.12
1278.82
1278.55
1280.81
1278.75
1275.80
1279.99
1278.96
1279.34
1279.88
1278.76
1280.26
1278.54
1276.51
1278.01
1280.39
1276.81
1277.82
1277.85
1276.08
1277.41
1279.02
1251.93
1277.15
1278.00
1273.95
1259.40
1277.93
1279.39
1280.30
1237.11
1275.63
1273.19
1278.27
1275.34
1248.86
1279.22
1233.63
1280.48
1276.65
1280.60
1276.73
1279.39
1274.82
1226.14
1279.50
1223.75
1281.18
1280.69
1278.37
1274.01
1276.88
1282.70
1278.44
1275.85
1278.41
1279.86
1253.18
1270.05
1274.29
1270.47
1271.15
1257.67
1279.97
1277.69
1278.19
1277.84
1239.54
1276.86
1279.08
1276.74
1260.35
1276.98
1234.80
1278.84
1254.34
1274.35
1275.63
1274.47
1277.37
1281.04
