1566.99
1568.59
1567.03
1563.43
1565.86
1566.50
1567.45
1500.07
1558.67
1566.85
1535.21
1566.91
1561.57
1517.88
1567.07
1568.22
1570.18
1563.61
1571.05
1561.53
1564.47
1563.77
1564.83
1572.07
1544.01
1561.76
1567.30
1561.87
1564.34
1561.18
1561.67
1571.37
1563.38
1567.19
1560.56
1558.42
1563.60
1569.99
1493.52
1553.78
1556.01
1565.32
1565.30
1541.67
1570.54
1569.33
1564.69
1559.41
1564.51
1567.53
1553.07
1563.40
1563.07
1564.64
1570.68
1535.65
1553.53
1566.64
1564.36
1558.72
1561.87
1566.53
1527.70
1562.30
1564.03
1568.40
1567.20
1563.82
1558.45
1513.38
1515.74
1554.57
1566.45
1528.99
1565.88
1566.09
1570.29
1569.13
1567.58
1567.47
1559.15
1560.58
1562.27
1562.92
1567.11
1561.24
1567.75
1548.56
1552.94
1565.18
1567.65
1566.10
1566.62
1571.69
1563.98
1558.33
1565.71
1530.34
1497.43
1556.02
