1426.17
1427.48
1426.52
1425.42
1422.46
1426.70
1427.54
1366.11
1427.60
1364.41
1386.05
1426.60
1427.27
1426.35
1372.16
1401.34
1368.91
1427.85
1426.96
1412.50
1422.87
1426.92
1426.54
1423.49
1427.99
1394.72
1426.91
1341.69
1365.14
1427.62
1430.29
1425.55
1421.22
1424.28
1419.94
1425.49
1424.86
1425.34
1427.79
1426.20
1425.68
1415.57
1427.08
1426.10
1431.51
1421.41
1420.23
1422.71
1401.20
1432.90
1418.62
1422.68
1426.98
1426.85
1420.55
1427.90
1430.27
1426.65
1430.98
1424.37
1431.45
1410.36
1426.99
1419.36
1425.80
1425.98
1423.57
1427.29
1430.34
1422.96
1430.84
1427.79
1424.72
1424.41
1427.80
1425.75
1423.85
1428.59
1428.10
1424.20
1332.00
1423.47
1426.38
1426.39
1427.56
1425.72
1427.81
1425.54
1423.21
1420.87
1424.18
1384.48
1367.74
1339.23
1406.03
1401.09
1426.08
1377.18
1427.75
1420.84
