1459.43
1422.23
1449.87
1452.42
1455.14
1450.53
1440.99
1425.69
1431.27
1447.80
1445.00
1456.40
1353.43
1443.22
1450.43
1340.99
1449.70
1453.09
1452.05
1436.29
1454.93
1457.48
1455.40
1450.09
1457.33
1442.01
1448.20
1407.66
1403.01
1456.84
1449.26
1457.54
1456.01
1434.45
1447.16
1454.32
1455.78
1417.66
1455.07
1457.26
1425.84
1451.26
1452.47
1454.47
1453.05
1408.53
1451.91
1452.16
1432.89
1456.33
1449.67
1452.35
1451.89
1453.13
1424.58
1453.10
1458.27
1448.86
1445.34
1389.95
1457.00
1458.41
1452.04
1452.08
1455.15
1441.82
1448.01
1454.02
1457.75
1442.10
1404.76
1451.99
1450.68
1392.77
1450.36
1454.73
1436.68
1450.32
1445.51
1453.64
1435.29
1456.20
1457.15
1453.89
1454.69
1455.74
1407.88
1447.76
1450.26
1450.80
1410.65
1404.60
1453.12
1457.81
1432.21
1452.28
1442.00
1453.53
1452.42
1434.34
