1310.04
1310.12
1309.29
1304.39
1306.86
1299.11
1306.51
1309.99
1311.65
1308.65
1303.74
1313.51
1308.32
1312.08
1300.55
1304.88
1310.33
1309.63
1310.73
1310.41
1307.12
1299.87
1308.65
1312.67
1310.91
1314.38
1310.47
1311.79
1311.97
1314.21
1304.85
1307.16
1310.07
1312.01
1314.79
1310.23
1311.55
1304.46
1308.34
1313.90
1316.26
1310.79
1307.14
1253.59
1306.86
1306.75
1306.81
1310.59
1310.40
1285.71
1314.23
1308.67
1312.84
1310.34
1266.32
1302.84
1310.80
1309.67
1262.92
1311.85
1303.82
1310.98
1312.35
1308.25
1313.21
1306.69
1299.18
1308.00
1310.26
1303.64
1306.81
1308.58
1255.11
1312.24
1304.04
1314.32
1312.83
1311.17
1309.10
1278.29
1309.62
1264.05
1280.84
1311.57
1311.77
1272.30
1307.37
1311.24
1298.87
1264.99
1310.89
1287.55
1279.42
1269.39
1311.37
1306.34
1310.71
1314.18
1310.16
1305.31
