1611.97
1551.49
1597.87
1588.70
1606.53
1610.10
1607.00
1611.38
1604.67
1555.93
1607.20
1609.39
1610.66
1609.31
1610.34
1487.67
1605.97
1534.29
1612.09
1608.51
1613.08
1565.55
1611.23
1613.09
1609.02
1609.41
1612.30
1606.79
1593.45
1604.32
1609.63
1609.79
1615.86
1609.64
1613.05
1610.44
1605.65
1614.03
1615.93
1610.91
1560.93
1616.44
1557.23
1555.14
1615.47
1495.12
1614.65
1614.68
1611.05
1608.86
1605.40
1612.38
1577.41
1610.95
1615.10
1613.65
1612.83
1607.91
1615.94
1610.53
1610.95
1608.84
1612.74
1606.05
1599.77
1609.50
1609.00
1613.95
1610.03
1611.92
1612.96
1598.22
1563.47
1607.60
1611.53
1605.14
1611.29
1607.36
1605.70
1611.96
1612.39
1604.46
1606.76
1610.93
1612.72
1611.98
1574.37
1613.60
1611.85
1610.21
1609.51
1611.71
1611.65
1607.72
1612.15
1612.79
1613.79
1578.65
1610.30
1611.13
