1467.95
1470.74
1461.10
1469.13
1468.56
1466.52
1455.69
1459.82
1467.32
1465.66
1463.97
1467.16
1467.41
1452.76
1453.30
1472.93
1458.76
1467.80
1464.20
1468.62
1392.59
1421.87
1467.71
1470.55
1460.10
1451.47
1407.82
1472.03
1463.83
1470.33
1470.86
1466.93
1467.55
1466.07
1473.34
1470.22
1459.91
1470.42
1472.41
1468.30
1470.03
1461.52
1420.46
1445.45
1468.53
1466.46
1467.46
1471.24
1470.48
1390.58
1458.11
1469.55
1472.71
1470.69
1470.92
1468.08
1472.60
1444.36
1447.42
1468.21
1465.02
1453.65
1461.48
1468.04
1471.89
1467.93
1464.85
1460.48
1469.63
1470.16
1466.71
1465.43
1468.81
1469.68
1421.25
1470.37
1466.95
1460.99
1470.00
1467.24
1468.17
1470.56
1446.07
1467.82
1435.01
1461.21
1470.06
1472.87
1475.20
1472.18
1463.99
1465.06
1465.94
1472.75
1387.93
1468.44
1454.84
1457.86
1468.48
1462.34
