1315.87
1406.02
1405.76
1408.89
1399.43
1405.80
1406.45
1403.50
1405.78
1402.97
1352.13
1404.40
1394.96
1376.74
1362.64
1371.22
1364.62
1404.55
1346.25
1398.43
1410.63
1408.47
1382.51
1399.07
1404.12
1408.71
1408.55
1410.66
1404.01
1409.36
1406.19
1406.41
1409.26
1404.79
1405.46
1405.30
1408.64
1403.33
1408.87
1406.02
1408.37
1399.98
1399.96
1409.27
1385.54
1351.90
1403.34
1404.07
1411.22
1396.15
1356.36
1379.13
1408.75
1398.74
1409.47
1279.70
1409.56
1412.10
1401.62
1400.12
1396.82
1408.65
1410.23
1413.21
1406.84
1406.64
1400.06
1396.44
1408.13
1406.07
1369.13
1343.64
1405.53
1409.68
1405.03
1379.02
1411.19
1402.60
1398.80
1357.35
1409.48
1360.59
1395.35
1408.22
1405.00
1402.92
1352.07
1347.11
1401.12
1407.30
1382.08
1349.16
1409.11
1405.08
1403.09
1404.84
1292.00
1406.85
1400.67
1385.74
