1661.81
1629.54
1667.58
1662.71
1658.55
1642.51
1608.47
1570.34
1644.21
1623.71
1664.55
1610.85
1639.56
1662.14
1663.76
1669.97
1654.06
1665.98
1650.38
1667.70
1663.24
1667.64
1655.75
1577.62
1559.40
1654.53
1664.03
1657.24
1660.27
1660.18
1665.78
1619.51
1661.81
1665.84
1656.17
1652.91
1655.85
1666.09
1662.70
1652.30
1665.73
1642.60
1654.62
1666.22
1665.41
1659.56
1663.74
1662.22
921.49
1661.18
1657.76
1660.52
1662.61
1634.15
1665.59
1661.26
1662.33
1667.97
1664.40
1664.63
1663.21
1664.44
1666.20
1568.81
1657.12
1663.89
1667.33
1665.32
1662.67
1645.62
1655.73
1666.86
1668.16
1651.39
1662.77
1585.78
1654.19
1662.83
1576.01
1658.85
1665.65
1659.63
1662.31
1650.27
1662.31
1662.97
1652.66
1655.12
1661.40
1663.40
1656.89
1653.95
1661.83
1665.45
1662.84
1598.99
1657.98
1660.84
1661.41
1655.52
