1465.59
1481.87
1476.22
1472.65
1466.65
1481.14
1449.12
1470.45
1479.76
1466.04
1484.29
1473.83
1477.87
1478.22
1431.36
1479.83
1476.69
1403.40
1316.13
1475.61
1476.43
1481.20
1478.49
1463.43
1452.39
1475.37
1478.73
1480.79
1478.79
1484.28
1478.82
1479.23
1471.29
1480.66
1476.17
1475.94
1470.43
1473.17
1485.33
1480.20
1478.31
1477.09
1481.90
1485.64
1478.46
1483.31
1467.26
1432.62
1481.59
1475.04
1480.13
1480.31
1480.02
1475.88
1484.30
1474.41
1480.43
1484.19
1464.26
1479.82
1486.51
1479.95
1427.97
1451.80
1478.64
1472.82
1409.77
1459.67
1481.56
1482.54
1483.48
1483.59
1470.12
1473.44
1479.68
1483.04
1475.95
1478.48
1477.24
1467.04
1469.38
1482.17
1478.89
1478.35
1478.91
1478.88
1475.89
1480.07
1470.63
1448.27
1470.36
1478.07
1479.32
1478.11
1482.81
1470.96
1480.55
1480.98
1481.90
1479.99
