1214.17
1211.97
1213.18
1207.95
1213.34
1208.96
1212.83
1213.58
1191.51
1212.12
1184.24
1185.20
1200.72
1212.05
1208.85
1207.03
1212.59
1214.65
1212.34
1216.29
1184.03
1175.14
1212.32
1204.42
1172.67
1212.92
1212.65
1188.65
1213.58
1216.45
1213.85
1210.99
1211.00
1195.67
1210.97
1213.91
1214.95
1213.45
1213.87
1216.78
1192.82
1209.51
1207.86
1189.62
1211.87
1212.17
1207.94
1211.31
1213.23
1212.90
1215.17
1208.10
1210.76
1212.72
1210.98
1177.75
1186.72
1206.46
1198.00
1214.55
1205.49
1207.88
1212.89
1212.52
1213.14
1211.98
1214.03
1201.66
1197.62
1212.39
1215.43
1205.14
1215.88
1213.63
1213.75
1211.87
1212.91
1213.52
1194.22
1210.55
1211.96
1201.82
1212.75
1214.08
1214.25
1212.62
1216.41
1209.07
1204.04
1210.00
1213.18
1137.95
1211.05
1213.67
1214.60
1214.36
1213.68
1213.64
1196.45
1214.26
