1301.80
1303.88
1276.58
1306.16
1303.22
1276.87
1302.64
1302.12
1301.90
1294.91
1253.90
1302.97
1298.34
1300.33
1303.31
1302.54
1296.36
1307.11
1301.98
1301.18
1270.10
1301.25
1302.01
1298.93
1270.29
1302.10
1305.86
1303.49
1299.01
1301.87
1300.62
1301.93
1302.00
1299.47
1300.46
1301.27
1300.55
1295.62
1265.98
1267.95
1298.08
1296.69
1301.45
1262.74
1296.16
1305.47
1270.05
1304.77
1302.19
1250.24
1266.86
1289.70
1303.84
1296.57
1306.38
1304.05
1301.65
1302.31
1299.83
1301.05
1304.41
1276.64
1302.32
1294.18
1302.21
1294.95
1303.03
1297.95
1301.20
1305.08
1302.45
1255.23
1301.41
1306.48
1297.31
1302.07
1257.68
1303.68
1305.53
1302.12
1302.55
1283.17
1304.91
1300.64
1303.49
1304.97
1307.57
1272.89
1301.02
1304.09
1303.13
1277.88
1295.94
1288.70
1306.49
1303.96
1301.89
1301.62
1270.14
1299.49
