1483.28
1418.52
1443.77
1472.70
1486.25
1469.83
1485.40
1431.24
1448.82
1479.93
1484.91
1487.28
1485.57
1487.13
1450.73
1490.16
1490.17
1484.56
1489.81
1492.99
1482.19
1489.57
1450.48
1457.83
1434.17
1482.45
1486.31
1490.18
1487.92
1487.25
1447.17
1485.10
1422.02
1491.17
1424.42
1425.26
1480.53
1483.34
1489.70
1484.06
1485.12
1483.43
1485.85
1436.69
1488.51
1487.59
1449.39
1487.51
1485.17
1477.98
1484.48
1485.14
1489.23
1488.40
1488.52
1487.76
1483.48
1479.21
1489.58
1486.46
1488.79
1458.91
1484.38
1474.88
1478.79
1486.28
1487.07
1439.91
1485.82
1484.18
1487.48
1486.26
1488.50
1481.35
1482.93
1424.75
1485.60
1490.77
1487.05
1480.42
1488.19
1487.22
1487.35
1488.26
1486.51
1480.87
1437.37
1485.29
1486.98
1486.92
1486.74
1472.93
1489.57
1477.29
1435.02
1485.12
1477.70
1487.92
1434.81
1488.73
