1603.18
1579.50
1584.88
1544.96
1597.00
1541.75
1602.33
1602.41
1588.89
1597.37
1598.97
1600.59
1589.20
1597.72
1596.19
1586.08
1579.84
1601.74
1604.99
1597.44
1595.17
1581.70
1602.35
1590.25
1597.74
1597.81
1599.39
1589.05
1592.96
1604.17
1597.55
1596.84
1597.95
1539.55
1604.83
1594.23
1600.10
1597.94
1599.35
1594.76
1600.59
1595.65
1575.35
1488.45
1598.05
1595.09
1588.01
1532.82
1597.41
1600.81
1503.24
1592.29
1600.76
1597.74
1589.55
1545.17
1580.45
1595.02
1514.93
1557.17
1591.28
1597.80
1579.29
1598.70
1597.47
1590.42
1601.12
1597.39
1599.83
1585.39
1526.14
1583.87
1588.96
1582.85
1587.44
1590.98
1586.39
1584.83
1587.28
1587.32
1590.13
1565.17
1591.87
1531.27
1587.08
1588.06
1588.78
1586.33
1582.95
1518.29
1577.59
1582.91
1587.72
1585.76
1591.55
1586.19
1584.25
1588.53
1580.07
1593.49
