1343.02
1347.34
1336.20
1305.23
1310.36
1348.07
1342.20
1341.95
1339.05
1275.61
1297.52
1347.49
1348.65
1344.46
1346.28
1346.66
1348.20
1337.03
1346.75
1337.83
1347.81
1344.40
1342.69
1343.49
1342.78
1342.19
1344.58
1300.07
1346.14
1343.10
1347.04
1342.43
1345.72
1278.94
1344.32
1344.31
1348.33
1347.23
1346.03
1289.11
1345.19
1346.06
1344.89
1345.81
1346.19
1343.78
1342.31
1343.32
1342.15
1297.52
1325.92
1340.67
1345.89
1342.08
1346.05
1300.95
1335.39
1342.85
1348.17
1351.39
1349.67
1346.38
1280.20
1331.47
1339.60
1067.69
1304.64
1345.85
1348.08
1311.79
1333.12
1345.72
1320.60
1335.21
1341.08
1346.96
1351.32
1346.89
1341.82
1343.81
1347.86
1344.47
1345.95
1340.55
1342.38
1346.95
1345.25
1316.21
1343.39
1321.45
1289.16
1333.58
1346.52
1343.49
1315.03
1345.05
1345.26
1348.23
1312.07
1346.38
