1366.92
1370.90
1358.49
1369.26
1326.48
1371.09
1365.79
1360.45
1371.87
1366.13
1370.19
1369.44
1370.62
1369.32
1370.99
1355.59
1368.07
1369.62
1368.70
1365.90
1366.11
1370.79
1367.11
1371.51
1370.89
1365.55
1365.93
1354.93
1370.81
1363.90
1315.57
1369.31
1371.04
1367.05
1369.03
1370.00
1370.33
1370.14
1369.56
1367.89
1337.68
1372.00
1368.24
1366.82
1372.42
1371.92
1370.20
1362.75
1368.79
1368.01
1367.36
1368.96
1369.12
1369.03
1368.81
1370.17
1367.04
1370.17
1334.95
1368.60
1369.86
1370.89
1366.59
1374.69
1370.47
1370.56
1371.31
1367.26
1364.46
1367.85
1368.79
1372.95
1367.09
1310.64
1325.91
1361.58
1367.90
1367.52
1371.64
1367.11
1359.98
1365.27
1366.94
1369.72
1370.68
1367.93
1369.74
1371.82
1369.23
1370.08
1374.16
1370.13
1344.62
1371.01
1370.20
1370.52
1368.69
1326.78
1369.98
1354.89
