1689.20
1497.18
1654.89
1690.77
1552.75
1628.06
1575.51
1625.91
1696.21
1518.86
1611.86
1694.33
1685.33
1688.48
1674.90
1683.45
1691.20
1695.55
1693.00
1683.30
1687.09
1667.90
1695.04
1682.20
1695.30
1686.45
1674.56
1694.21
1651.05
1490.81
1681.63
1718.62
1569.68
1714.71
1715.10
1705.49
1629.27
1714.72
1721.24
1245.96
1639.57
1685.58
1521.75
1695.06
1722.45
1565.13
1705.88
1717.77
1675.94
1729.45
1681.93
1721.60
1705.43
1661.90
1726.89
1709.37
1722.53
1723.28
1721.27
1723.71
1723.74
1725.78
1725.17
1636.64
1711.01
1707.78
1631.98
1715.45
1719.29
1649.41
1717.12
1721.41
1717.58
1716.51
1639.34
1711.68
1710.95
1716.49
1717.06
1694.90
1712.23
1719.88
1713.17
1710.31
1719.28
1722.46
1718.98
1719.32
1721.30
1719.79
1717.59
1597.72
1723.37
1713.56
1629.64
1698.84
1710.47
1717.47
1723.63
1726.06
