1657.75
1659.19
1633.50
1657.91
1606.55
1653.41
1645.89
1651.80
1607.20
1655.25
1648.72
1647.26
1658.12
1650.15
1644.48
1584.37
1652.68
1654.98
1657.10
1661.24
1661.05
1659.76
1654.26
1643.06
825.29
1632.83
1645.27
1656.66
1597.54
1649.02
1645.11
1656.54
1661.35
1657.12
1577.73
1640.92
1651.53
1657.41
1652.84
1659.01
1651.40
1652.78
1655.29
1657.46
1634.00
1649.80
1651.99
1564.91
1649.53
1643.58
1652.63
1570.69
1649.83
1642.96
1651.42
1645.61
1654.88
1658.77
1652.98
1649.15
1652.14
1644.98
1616.40
1654.11
1655.58
1642.30
1650.58
1652.63
1652.86
1656.32
1636.10
1650.01
1581.46
1649.73
1654.68
1660.14
1654.87
1656.43
1654.96
1650.91
1626.35
1654.81
1652.37
1660.19
1659.56
1641.00
1520.52
1644.67
1576.14
1578.50
1653.64
1653.23
1657.82
1653.00
1482.36
1647.48
1573.82
1639.80
1648.58
1574.42
