1344.05
1366.33
1379.44
1376.60
1364.88
1375.21
1376.01
1382.44
1381.81
1381.14
1377.53
1378.77
1377.47
1374.84
1378.66
1368.93
1373.88
1378.22
1373.19
1378.49
1375.89
1333.55
1378.41
1380.17
1294.98
1379.80
1384.67
1379.84
1370.45
1381.32
1370.86
1380.96
1339.01
1377.19
1371.54
1381.67
1380.58
1382.98
1326.63
1379.36
1373.55
1379.55
1323.56
1375.43
1381.95
1347.06
1361.18
1376.27
1371.29
1367.74
1383.07
1378.70
1380.02
1370.19
1371.78
1365.00
1379.63
1380.98
1368.49
1379.60
1380.41
1370.80
1373.93
1338.52
1324.94
1366.28
1378.88
1374.46
1377.47
1342.93
1356.72
1366.79
1346.36
1370.67
1378.54
1367.22
1351.47
1374.20
1369.08
1371.23
1380.77
1381.37
1371.97
1376.81
1375.92
1375.08
1377.52
1378.47
1381.33
1378.90
1372.20
1380.68
1368.01
1379.45
1379.92
1378.25
1370.43
1383.43
1380.31
1342.78
