1533.06
1534.43
1520.96
1480.16
1545.11
1547.42
1543.69
1545.95
1512.68
1548.86
1548.01
1544.28
1548.32
1547.26
1548.27
1544.01
1550.09
1482.73
1527.59
1542.22
1545.63
1532.71
1506.57
1548.20
1548.62
1549.98
1547.22
1551.13
1544.53
1447.10
1514.78
1545.63
1547.43
1483.27
1546.68
1547.15
1549.99
1478.53
1550.73
1549.84
1544.17
1451.05
1545.28
1548.07
1547.22
1542.06
1531.71
1540.08
1546.22
1548.37
1544.86
1531.86
1507.68
1479.41
1545.98
1547.45
1552.64
1549.00
1544.18
1541.64
1549.96
1540.55
1535.53
1541.61
1543.22
1477.59
1538.21
1550.28
1542.06
1522.09
1550.32
1542.92
1547.91
1544.13
1547.25
1546.72
1480.56
1543.56
1551.37
1548.72
1518.33
1546.73
1542.66
1546.03
1543.10
1548.83
1495.69
1548.01
1544.94
1547.25
1548.79
1547.15
1497.20
1525.88
1485.16
1546.00
1548.99
1546.94
1543.11
1544.55
