1588.38
1580.69
1747.58
1704.75
1741.43
1742.31
1748.09
1745.45
1730.84
1742.99
1744.54
1745.42
1678.72
1745.91
1740.20
1748.50
1750.96
1743.71
1743.77
1747.34
1738.53
1730.31
1654.90
1746.26
1744.07
1743.04
1740.92
1744.04
1741.99
1734.14
1741.12
1733.69
1730.34
1733.84
1733.52
1738.72
1732.03
1734.19
1736.32
1742.77
1733.42
1703.15
1746.20
1734.17
1729.64
1737.55
1638.26
1733.39
1718.47
1735.97
1718.59
1737.69
1737.32
1685.56
1737.13
1733.28
1738.47
1735.02
1735.53
1738.40
1735.27
1733.48
1737.88
1735.93
1733.80
1737.27
1731.67
1726.17
1731.63
1726.55
1662.87
1594.67
1741.85
1694.62
1571.68
1691.31
1455.33
1638.52
1732.02
1700.62
1559.12
1452.77
1562.37
1732.98
1732.25
1490.12
1619.77
1722.41
1735.97
1700.77
1643.79
1732.90
1661.73
1605.16
1739.84
1733.01
1735.14
1735.49
1731.97
1733.03
