1207.91
1207.13
1207.45
1207.75
1208.12
1210.32
1206.50
1208.53
1192.32
1204.95
1175.67
1199.59
1207.92
1209.13
1206.75
1205.28
1175.95
1209.38
1210.30
1209.19
1205.58
1207.10
1209.07
1211.34
1166.80
1206.65
1207.05
1206.73
1206.57
1198.29
1182.05
1174.29
1209.73
1207.47
1185.16
1207.83
1209.53
1161.29
1209.91
1208.52
1204.67
1198.27
1211.34
1201.54
1198.49
1206.13
1206.88
1206.79
1201.47
1207.75
1206.93
1210.18
1165.05
1211.00
1203.39
1207.96
1209.75
1160.96
1210.74
1209.17
1209.03
1202.67
1208.41
1198.91
1204.05
1204.83
1207.20
1208.05
1210.53
1207.74
1209.69
1208.14
1203.32
1201.98
1207.17
1206.54
1199.63
1208.49
1205.02
1170.65
1171.59
1210.61
1199.76
1165.77
1205.90
1208.74
1203.71
1207.27
1210.84
1210.97
1211.65
1207.63
1207.13
1208.44
1161.93
1209.52
1208.97
1205.27
1203.22
1195.78
