1319.64
1322.85
1318.01
1326.29
1319.76
1291.42
1319.18
1286.86
1311.57
1275.41
1322.12
1314.81
1319.95
1312.35
1313.04
1309.57
1322.51
1312.98
1320.84
1312.47
1301.70
1284.49
1318.24
1321.30
1319.63
1320.79
1321.35
1323.76
1319.51
1318.45
1313.29
1321.90
1321.36
1323.25
1314.28
1320.56
1320.96
1321.81
1322.34
1320.26
1318.63
1312.22
1323.26
1320.34
1320.16
1322.06
1319.93
1316.18
1285.36
1321.85
1321.28
1323.90
1310.17
1317.19
1316.99
1321.10
1309.59
1322.58
1312.87
1321.38
1317.29
1318.77
1321.39
1311.81
1313.96
1322.82
1321.75
1301.28
1318.89
1319.02
1311.84
1324.29
1317.01
1316.44
1283.37
1317.23
1316.92
1284.83
1321.95
1322.91
1321.16
1320.73
1319.25
1287.65
1320.94
1322.30
1322.31
1288.16
1321.63
1323.24
1320.36
1321.95
1286.01
1322.08
1320.02
1323.04
1273.71
1305.19
1319.81
1320.65
