1621.69
1631.44
1633.04
1628.41
1606.99
1570.84
1619.25
1628.56
1625.41
1623.28
1620.32
1620.15
1634.44
1631.36
1624.95
1630.59
1628.13
1583.95
1552.78
1624.87
1626.95
1627.47
1627.08
1619.60
1631.30
1630.56
1633.02
1630.63
1620.37
1633.13
1622.17
1634.58
1633.04
1619.43
1627.68
1626.63
1628.37
1623.39
1631.92
1559.85
1630.53
1632.48
1585.75
1628.35
1618.06
1617.38
1629.15
1628.61
1632.11
1590.21
1634.03
1576.39
1631.22
1615.97
1590.55
1624.72
1628.19
1550.21
1586.01
1634.33
1627.12
1476.82
1631.39
1628.11
1631.33
1610.12
1575.05
1605.99
1594.58
1627.91
1627.65
1624.89
1607.23
1624.08
1628.33
1575.06
1629.39
1626.24
1629.23
1630.55
1618.53
1598.65
1628.13
1630.12
1630.36
1630.51
1633.91
1586.36
1629.93
1621.23
1618.89
1616.09
1629.23
1628.35
1630.66
1555.02
1624.71
1618.63
1624.73
1604.84
