1510.52
1522.09
1521.48
1520.72
1519.05
1513.45
1517.84
1439.02
1518.86
1512.60
1520.50
1519.54
1517.92
1513.01
1514.52
1523.68
1509.74
1520.00
1521.37
1519.31
1509.98
1515.82
1444.91
1470.69
1522.45
1519.06
1508.57
1514.05
1475.38
1516.60
1509.34
1519.01
1488.49
1519.27
1519.71
1519.72
1518.30
1520.77
1453.87
1520.40
1520.37
1521.17
1519.40
1510.44
1520.66
1517.92
1521.48
1515.75
1521.50
1519.16
1512.46
1468.94
1516.96
1516.99
1516.07
1509.25
1521.89
1519.65
1519.01
1518.66
1517.15
1520.73
1518.68
1467.30
1519.92
1521.07
1508.76
1511.69
1518.50
1521.30
1520.05
1518.85
1519.60
1467.23
1522.56
1520.76
1518.62
1517.63
1512.09
1419.18
1517.50
1518.15
1511.57
1488.29
1510.90
1483.52
1489.75
1512.42
1520.62
1454.21
1521.93
1466.01
1450.82
1519.46
1520.42
1522.91
1519.63
1520.20
1469.76
1516.80
