       0    14.039
    1000    14.472
    2000    14.614
    3000    14.639
    4000    14.938
    5000    14.890
    6000    14.829
    7000    14.298
    8000    14.656
    9000    14.228
   10000    14.413
   11000    14.583
   12000    14.668
   13000    14.508
   14000    14.852
   15000    14.259
   16000    14.494
   17000    14.237
   18000    14.474
   19000    14.448
   20000    14.365
   21000    14.579
   22000    14.143
   23000    14.313
   24000    14.187
   25000    14.420
   26000    14.632
   27000    14.558
   28000    14.145
   29000    14.555
   30000    14.267
   31000    14.619
   32000    14.568
   33000    14.367
   34000    14.944
   35000    14.489
   36000    14.307
   37000    14.511
   38000    14.484
   39000    14.722
   40000    14.331
   41000    14.377
   42000    14.517
   43000    14.543
   44000    14.391
   45000    14.707
   46000    14.696
   47000    14.514
   48000    14.419
   49000    14.674
   50000    14.313
   51000    14.351
   52000    14.751
   53000    14.272
   54000    14.368
   55000    14.742
   56000    14.252
   57000    14.556
   58000    14.805
   59000    14.585
   60000    14.659
   61000    14.188
   62000    14.767
   63000    14.212
   64000    14.347
   65000    14.280
   66000    14.540
   67000    14.244
   68000    14.169
   69000    14.711
   70000    14.091
   71000    14.272
   72000    14.160
   73000    14.616
   74000    14.654
   75000    14.543
   76000    14.530
   77000    14.735
   78000    14.478
   79000    14.354
   80000    14.542
   81000    14.384
   82000    14.633
   83000    14.504
   84000    14.709
   85000    14.570
   86000    14.614
   87000    14.441
   88000    14.511
   89000    14.545
   90000    14.707
   91000    14.803
   92000    14.504
   93000    14.661
   94000    14.519
   95000    14.610
   96000    14.680
   97000    14.884
   98000    14.592
   99000    14.668
  100000    14.522
  101000    14.196
  102000    14.539
  103000    14.572
  104000    14.557
  105000    14.329
  106000    14.363
  107000    14.811
  108000    14.267
  109000    14.542
  110000    14.626
  111000    14.409
  112000    14.367
  113000    14.827
  114000    14.210
  115000    14.578
  116000    14.569
  117000    14.600
  118000    14.780
  119000    14.817
  120000    14.664
  121000    14.463
  122000    14.121
  123000    14.685
  124000    14.539
  125000    14.345
  126000    14.485
  127000    14.464
  128000    14.675
  129000    14.686
  130000    14.813
  131000    14.422
  132000    14.380
  133000    14.632
  134000    14.671
  135000    14.666
  136000    14.890
  137000    14.476
  138000    14.376
  139000    14.545
  140000    14.431
  141000    14.519
  142000    14.356
  143000    14.269
  144000    14.560
  145000    14.328
  146000    14.526
  147000    14.786
  148000    14.442
  149000    14.275
  150000    14.406
  151000    14.400
  152000    14.378
  153000    14.472
  154000    14.121
  155000    14.246
  156000    14.589
  157000    14.493
  158000    14.372
  159000    14.481
  160000    14.509
  161000    14.530
  162000    13.917
  163000    14.484
  164000    14.550
  165000    14.462
  166000    14.268
  167000    14.572
  168000    14.385
  169000    14.457
  170000    14.508
  171000    14.453
  172000    14.646
  173000    14.347
  174000    14.328
  175000    14.706
  176000    14.801
  177000    14.241
  178000    14.168
  179000    14.497
  180000    14.458
  181000    14.634
  182000    14.312
  183000    14.436
  184000    14.387
  185000    14.349
  186000    14.687
  187000    14.691
  188000    14.429
  189000    14.564
  190000    14.635
  191000    14.388
  192000    14.393
  193000    14.189
  194000    14.714
  195000    14.786
  196000    14.476
  197000    14.627
  198000    14.746
  199000    14.732
  200000    14.487
  201000    14.621
  202000    14.517
  203000    14.577
  204000    14.483
  205000    14.600
  206000    14.665
  207000    14.425
  208000    14.550
  209000    14.379
  210000    14.407
  211000    14.752
  212000    14.475
  213000    14.630
  214000    14.421
  215000    14.282
  216000    14.371
  217000    14.552
  218000    14.584
  219000    14.631
  220000    14.875
  221000    14.166
  222000    14.704
  223000    14.631
  224000    14.520
  225000    14.688
  226000    14.644
  227000    14.187
  228000    14.625
  229000    14.646
  230000    14.600
  231000    14.354
  232000    14.271
  233000    14.570
  234000    14.221
  235000    14.555
  236000    15.028
  237000    14.656
  238000    14.788
  239000    14.458
  240000    14.197
  241000    14.544
  242000    14.581
  243000    14.493
  244000    14.439
  245000    14.726
  246000    14.587
  247000    14.886
  248000    14.553
  249000    14.530
  250000    14.565
  251000    14.374
  252000    14.705
  253000    14.445
  254000    14.558
  255000    14.365
  256000    14.296
  257000    14.362
  258000    14.687
  259000    14.662
  260000    14.185
  261000    14.452
  262000    14.624
  263000    14.610
  264000    14.073
  265000    14.770
  266000    14.279
  267000    14.331
  268000    14.548
  269000    14.238
  270000    14.515
  271000    14.490
  272000    14.183
  273000    14.406
  274000    14.709
  275000    14.410
  276000    14.577
  277000    14.451
  278000    14.454
  279000    14.422
  280000    14.662
  281000    14.804
  282000    14.428
  283000    14.507
  284000    14.488
  285000    14.957
  286000    14.678
  287000    14.643
  288000    14.549
  289000    14.503
  290000    14.781
  291000    14.823
  292000    14.732
  293000    14.581
  294000    14.878
  295000    14.482
  296000    14.552
  297000    14.470
  298000    14.401
  299000    14.475
  300000    14.411
  301000    14.407
  302000    14.735
  303000    14.787
  304000    14.207
  305000    14.476
  306000    14.007
  307000    14.607
  308000    14.395
  309000    14.609
  310000    14.460
  311000    14.481
  312000    14.515
  313000    14.377
  314000    14.264
  315000    14.150
  316000    14.482
  317000    14.618
  318000    14.369
  319000    14.548
  320000    14.644
  321000    14.684
  322000    14.551
  323000    14.646
  324000    14.434
  325000    14.479
  326000    14.730
  327000    14.869
  328000    14.440
  329000    14.538
  330000    14.634
  331000    14.389
  332000    14.312
  333000    14.379
  334000    14.617
  335000    14.376
  336000    14.650
  337000    14.721
  338000    14.559
  339000    14.837
  340000    14.703
  341000    14.551
  342000    14.452
  343000    14.615
  344000    14.303
  345000    14.362
  346000    14.131
  347000    14.715
  348000    14.401
  349000    14.509
  350000    14.647
  351000    14.663
  352000    14.419
  353000    14.703
  354000    14.606
  355000    14.441
  356000    14.932
  357000    14.383
  358000    14.373
  359000    14.616
  360000    14.520
  361000    14.658
  362000    14.555
  363000    14.574
  364000    14.221
  365000    14.452
  366000    14.683
  367000    14.611
  368000    14.317
  369000    14.722
  370000    14.434
  371000    14.472
  372000    14.185
  373000    14.574
  374000    14.589
  375000    14.811
  376000    14.308
  377000    14.311
  378000    14.597
  379000    14.611
  380000    14.659
  381000    14.445
  382000    14.447
  383000    14.305
  384000    14.752
  385000    14.659
  386000    14.760
  387000    14.399
  388000    14.388
  389000    14.286
  390000    14.637
  391000    14.405
  392000    14.299
  393000    14.255
  394000    14.587
  395000    14.605
  396000    14.558
  397000    14.177
  398000    14.510
  399000    14.362
  400000    14.558
  401000    14.155
  402000    14.732
  403000    14.351
  404000    14.440
  405000    14.414
  406000    14.812
  407000    14.528
  408000    14.536
  409000    14.683
  410000    14.767
  411000    14.181
  412000    14.336
  413000    14.523
  414000    14.728
  415000    14.500
  416000    14.318
  417000    14.615
  418000    14.420
  419000    14.640
  420000    14.308
  421000    14.639
  422000    14.357
  423000    14.335
  424000    14.598
  425000    14.712
  426000    14.961
  427000    14.436
  428000    14.294
  429000    14.640
  430000    14.636
  431000    14.071
  432000    14.519
  433000    14.467
  434000    14.457
  435000    14.437
  436000    14.385
  437000    14.647
  438000    14.498
  439000    14.439
  440000    14.489
  441000    14.648
  442000    14.190
  443000    14.468
  444000    14.702
  445000    14.473
  446000    14.660
  447000    14.294
  448000    14.666
  449000    14.548
  450000    14.376
  451000    14.327
  452000    14.415
  453000    14.620
  454000    14.547
  455000    14.383
  456000    14.739
  457000    14.415
  458000    14.547
  459000    14.282
  460000    14.376
  461000    14.316
  462000    14.434
  463000    14.450
  464000    14.604
  465000    14.683
  466000    14.307
  467000    14.255
  468000    14.573
  469000    14.541
  470000    14.468
  471000    14.168
  472000    14.323
  473000    14.062
  474000    14.661
  475000    14.751
  476000    14.633
  477000    14.444
  478000    14.151
  479000    14.454
  480000    14.407
  481000    14.195
  482000    14.318
  483000    14.456
  484000    14.465
  485000    14.430
  486000    14.470
  487000    14.596
  488000    14.587
  489000    14.381
  490000    14.352
  491000    14.326
  492000    14.313
  493000    14.835
  494000    14.377
  495000    14.785
  496000    14.697
  497000    14.662
  498000    14.598
  499000    14.846
