9563
32118
32449
17155
5811
26623
20189
18278
10390
17227
9378
6817
19182
1248
5400
25955
1299
14616
22384
13912
581
10207
22699
20535
27119
27419
29150
12350
24641
3228
27453
31261
15608
31890
24768
26259
24471
17123
21851
22761
20592
7848
18122
7414
31582
6597
29086
29648
5967
445
17874
3987
584
29383
9080
7139
1176
7943
13628
4023
25028
17944
2614
4893
23077
16750
7639
9672
30535
26766
29863
12597
10588
25270
10014
22228
2770
25116
23946
3851
16586
14264
19556
28669
30939
31563
2357
12955
29284
9385
2968
25300
509
17458
22695
27706
21907
21100
17716
406
23154
13188
23997
19733
15038
8827
28226
23662
20265
13201
10441
16085
20612
6724
6409
8627
3582
11897
18598
5467
18656
3013
24397
16123
28023
20322
22086
19361
25463
10179
29534
14472
10714
10263
3705
18268
485
3971
32508
25847
21053
19592
31287
13564
6453
9524
8000
17894
4468
2848
755
18756
16467
13117
123
16261
19551
4600
21004
15193
23457
17124
18153
29410
24855
19920
10411
29717
20061
18140
5673
4870
9604
13684
31469
31920
1787
89
2399
27210
11473
346
23054
28509
1088
10342
20818
3507
6570
6137
269
11554
17333
8232
24430
20626
13532
3454
25729
2495
4761
27
10799
4591
7556
18982
5958
1239
20787
5582
18508
30717
12328
20158
17563
9410
25518
20430
29410
28788
4407
25957
22368
6425
31116
24362
18863
11186
24158
3776
25638
13141
8839
2221
12188
14398
2796
17459
3155
14191
1162
11766
4653
23209
7238
18537
5297
4164
3689
8075
7307
30048
3805
26514
17456
18207
27029
28213
23090
10257
30657
11372
315
20522
866
18944
18853
6609
9611
1077
24150
25002
4738
9954
25100
11080
1450
3817
4317
16997
3789
15132
21910
27982
23908
29716
2037
2550
7572
7122
13489
31654
21782
11856
3380
25756
17931
8118
3461
9261
13757
17710
21446
9407
6009
14240
9379
26249
23913
9036
30143
22831
14845
6710
32053
14104
14327
26146
31093
6384
16211
27483
12846
1649
2437
1180
24297
17572
32501
2927
21325
8235
8126
2300
23668
20640
21120
29167
11380
11121
17691
2295
16643
15061
14099
28850
23525
8067
25664
25098
2036
12660
24116
23971
7007
14673
13162
30242
23807
8823
16225
14932
4906
21736
30779
4966
3693
18607
1341
9123
23190
16310
22081
19673
30315
190
25185
482
19134
15442
17925
1384
32436
6893
31374
8786
18675
26221
14795
29228
23088
13227
22659
10494
29800
30596
12371
16751
31548
14143
8534
10158
8786
23934
8049
21295
14098
5319
19651
14269
26182
7891
22313
28005
5988
18649
13169
19601
28569
17320
19566
31142
12571
26710
26553
24370
29381
4700
31761
19823
25258
2672
28988
11506
32551
32617
28945
14035
1627
29581
17201
459
24374
30247
9901
18550
22055
15146
21330
26798
1318
14964
15863
12837
8966
2948
13674
31846
18913
24766
5261
14179
18310
12912
23371
8200
7416
3605
14305
10142
1678
2461
15147
13687
18839
22729
13438
22621
26976
7690
15279
2824
27358
9034
32040
27378
15151
6395
3997
7156
14469
14996
21104
17612
14160
3045
30752
14173
20645
12296
4404
28413
10908
31293
25448
32312
6049
25465
12545
18949
12151
12944
13917
17092
21952
15762
23881
30107
18790
22461
27863
10942
21559
4045
24781
29349
16064
17134
21804
28988
12205
9906
8660
8070
22488
16203
1713
24656
13678
27764
19095
6303
3791
27771
3005
18163
941
331
28865
18427
20432
1392
15150
30354
30490
30512
8787
14280
20150
19724
3538
30824
5643
17028
6458
17910
20217
16822
21658
21129
11522
1372
7228
18068
13990
26856
26465
13386
31069
20302
6799
10457
17467
10112
27294
22531
16113
21538
4604
20358
26624
24658
15474
32251
1495
7292
11564
9529
18904
7385
28872
5893
24802
13871
26510
17474
26466
26201
24900
15136
16250
5413
23090
2655
786
14735
5277
28593
28089
4215
11347
5798
2005
21227
23472
3905
12867
21216
30231
26189
28257
9607
28213
26769
15914
19829
19677
20354
1105
31967
8199
14447
7887
13029
3262
19556
25201
5199
29899
24452
25690
29773
3345
26313
21195
5358
14227
20480
22975
4912
22355
13269
1943
19793
15487
27026
30781
7587
17637
18634
237
31476
24958
12206
30526
14045
30691
32489
3652
8083
10740
28053
32621
20655
9614
8837
25729
27121
2739
1411
3446
27717
23407
223
19162
24101
141
24458
4385
14733
25588
10328
20127
20858
12345
30913
25892
17493
15546
31512
6055
2938
483
1380
31341
6350
11084
8175
17008
1422
12005
30805
19390
14095
18521
2552
10622
14501
950
11032
19692
9718
19316
13981
15720
4294
30254
18685
6387
1778
12247
28331
8589
19718
1084
10557
29766
12669
11230
3597
11527
23347
8344
731
32355
19081
29743
19137
32508
31785
8796
28951
17693
3491
32045
18406
22210
31951
514
22742
19324
24380
32283
8225
22349
9473
27540
24457
10032
30602
8232
22537
28855
1497
8763
31555
5156
31327
32087
4000
3491
32285
9386
21547
29348
2867
32209
15806
4089
25190
10468
16039
29640
4297
70
6091
4724
14208
28515
19902
13419
25619
23656
22039
1745
14842
24466
29812
3003
13561
28455
7372
7153
27905
25125
29137
369
18719
7224
17775
32509
16037
29664
12659
10309
24151
13871
23747
6999
5254
27670
6321
5789
19339
13037
9367
25070
25857
24192
16693
11734
26479
19958
23320
7503
24823
13851
9992
4693
5549
6364
15542
4642
30822
10367
15333
16000
25517
30187
21937
6259
24622
8250
18666
3863
26636
28621
8375
20233
3384
24561
26208
18213
30144
6203
21371
15405
21810
19784
13588
16509
20348
1141
14989
5192
11206
767
27380
19352
29277
21351
15384
31782
9836
10277
19722
23797
26629
9731
12459
19941
2729
27621
8807
6593
22260
22162
18415
15000
26565
23652
23617
23355
9373
17419
18209
21011
29818
3859
26706
7283
28999
32712
20007
1247
23613
24889
30356
4382
2519
1731
4642
12488
8621
30653
10411
30108
30941
11157
22849
18125
25164
2181
28551
17778
19393
2503
4730
12799
113
14176
14318
1001
24823
8442
14288
30742
5090
6512
2064
2123
1359
10281
21762
6438
10691
17171
20081
25954
14213
1755
7546
21255
7987
30449
19419
9110
1916
25630
30335
6560
2518
19492
30963
20462
14199
32605
15827
295
26792
