22577
9351
17217
28999
5434
14418
9214
1442
23193
6085
7138
17493
24608
3686
330
13414
13455
13201
12191
7743
20819
16134
10878
21618
6187
20145
25085
14610
31818
3562
2720
14637
23949
27001
8801
4292
19296
16675
7965
21805
3032
17769
6622
27735
22125
3870
6150
13586
19076
19645
6438
11771
31320
16032
78
1561
31671
17149
2079
15666
21619
1765
20252
18920
16502
8734
29049
31834
1399
1373
11943
4479
24314
641
26176
13470
31375
29659
14106
16954
32301
26786
25978
11960
16083
8347
18488
5499
22153
25583
25783
22088
18323
5189
26985
30482
17542
27306
28223
31827
27067
31414
17440
8627
4761
1386
2793
19055
22948
21212
283
7639
19031
13219
20745
11401
23749
7819
21772
15514
19683
22995
22112
27239
6483
7056
16964
176
15456
29146
23508
15709
17891
21752
32408
12139
20735
9217
25935
15241
24315
20293
26300
31395
7681
30279
23293
20985
24469
21614
5858
29366
13311
25924
29301
1305
21669
9841
23404
19079
26657
30918
19333
12724
24406
9649
15315
13920
30931
26915
5566
31757
29670
11145
12643
278
30984
199
8421
13437
7006
15968
13979
8512
29134
13436
23889
29661
15642
391
24696
28150
24197
11329
5855
6529
8240
22596
29948
29971
23316
1297
19250
28057
25071
20959
6973
21332
25731
22587
11199
4725
26722
8407
12094
7952
5216
27375
7032
8425
23628
2834
29283
443
12056
26690
29014
30776
19195
13099
21492
18948
26194
9665
21552
21000
6647
12943
26646
9515
13947
602
27185
21854
18158
28684
10107
11984
6196
14665
31296
15254
1688
9158
23714
11668
21526
10378
10739
16820
20984
3841
13684
2120
12217
8962
26509
28197
18230
14905
9084
23745
10694
3798
4451
13218
31237
27660
2977
14074
31766
15059
8463
27315
10148
15454
26997
6221
1204
1221
24268
19693
352
26452
22254
22289
24241
19854
17452
20870
29137
29641
18994
18491
22364
27587
28074
20976
25604
27043
30742
29704
18354
10648
29750
3567
27838
24229
21502
1938
5221
451
12788
13031
23907
8428
7927
1168
4663
24306
27150
27507
25672
21183
5916
21694
10275
21146
10135
15918
17580
3317
20832
11053
22154
11185
31790
14382
4154
26488
2916
25662
9630
16848
27791
19943
4593
27439
31689
25351
3271
4713
16843
917
22172
19175
7366
7178
22195
6028
2239
29000
19462
22562
21231
21786
19938
15471
19838
3694
30923
24530
31366
142
1508
17429
25459
12012
5826
19361
18071
32668
2920
25196
12349
8276
4787
20964
21447
15330
10213
21322
23866
4127
986
28353
21569
13298
1797
31204
30740
7767
31106
19704
14230
23991
9821
19333
8100
23720
15194
20629
1088
14841
15264
6633
7113
19283
21206
24589
6894
16603
30553
5682
18783
12858
11563
1984
24090
10380
12918
5496
32035
12147
19957
20742
4675
5520
17374
15120
12597
10613
30309
28382
17805
11837
21706
14261
131
14281
29642
31032
26757
1334
13777
13701
11972
282
1843
14161
14953
25039
6883
19342
29136
9347
11036
24155
13248
10045
17090
25048
26935
23076
519
15387
17876
28911
1439
13840
811
10909
15081
15126
19623
8558
20699
23954
20892
27536
24022
12911
8690
20730
3633
19678
7916
14051
2499
26939
16322
25961
25083
24322
15099
22250
17002
19874
28249
13727
31877
836
27137
29659
22033
7172
32462
7679
3123
5717
19427
9315
30698
19351
11199
13807
3104
8633
159
21681
12446
28622
17357
28182
30647
14060
16550
26879
23090
3436
22547
770
6860
22334
26440
13977
5512
10282
4448
26055
28134
7852
22915
16108
12758
3940
10191
5808
15153
15703
12954
20578
23267
1491
1926
3297
2863
18839
2203
7696
24733
938
11337
8653
23393
25011
26553
19939
30267
9289
16220
12684
5114
4934
3353
3580
16389
2605
12072
11375
21089
2808
10014
18109
23566
16404
8791
13384
7884
30993
23210
1767
23297
9940
25049
30240
22943
24446
20814
25695
12792
8547
8949
14360
25741
8782
21659
13707
24818
17639
14671
2246
1283
13998
23694
32423
12642
21754
6724
31068
14189
4451
7270
2156
10953
5233
13966
14092
10051
21955
7627
1398
17185
15747
25546
5611
1577
28650
31528
15041
28333
11151
16729
24035
28890
32392
21039
9933
28538
19112
28680
8777
28198
14268
10007
29145
4655
28623
15976
12298
6680
7955
9468
18947
11603
10517
24160
9272
28774
16159
5331
19773
5811
23965
3127
31229
31124
28199
18195
17811
15524
14796
4529
13421
25216
21602
10113
7906
4769
5800
29272
4589
30834
5805
26334
1475
27764
24003
22744
21167
31207
23720
7017
13619
26277
30632
21289
15394
4995
10096
19725
4349
28284
12984
25277
26446
29345
12191
2740
19535
4710
32283
14302
24019
28456
15487
23973
32178
24581
10107
31939
9769
29309
28744
11429
13522
27406
9329
11437
17382
25753
8092
26958
11423
2196
17582
3249
24774
1991
7770
13967
592
126
26512
17513
29844
11994
1201
7980
2254
12936
4994
24676
17937
11025
651
30981
17334
8578
25337
20744
28159
15674
18887
14089
15685
2407
30854
17854
24678
32565
3216
31151
32559
10082
17921
5991
32083
32333
30861
11873
26493
27728
13578
9610
16285
6983
23298
29865
6497
13486
4791
16326
403
25378
24509
5151
14208
15783
9252
20568
20886
31446
7366
15606
17538
13018
4793
24494
15357
24996
28114
2030
11658
28981
23103
31387
3982
23323
798
21551
1285
3403
15736
20501
9051
23568
13646
13948
2505
3378
25220
21477
2418
13878
17396
23692
6077
8053
26802
5238
23078
10417
4860
3007
19249
15194
7349
24362
22876
21125
14724
2375
17175
22098
13891
30896
69
16837
4124
11803
1377
13680
19763
3529
9423
5554
29786
16811
32184
24461
13732
23485
1392
9781
5988
10914
2970
25758
17211
24114
18648
1236
4748
18226
17626
30722
25541
13030
7859
4869
15836
17858
22926
4971
31610
6584
4311
9955
5064
21730
27069
8551
29295
31669
22696
12436
590
20233
2417
27921
5496
14576
12695
23369
9633
4920
23532
26592
20048
9964
28889
22871
29722
6184
3565
41
11749
19508
31829
16989
903
7350
8225
25957
29302
14802
16222
26491
15424
3996
20824
29547
7866
24843
20707
289
11503
4292
15535
16621
9536
18391
1999
16574
9594
9677
25998
27747
4250
5686
15577
19645
5950
10024
18025
19508
6942
26418
17521
