4.81
4.82
4.79
4.78
4.82
4.82
4.82
4.83
4.82
4.82
4.82
4.82
4.82
4.82
4.82
4.83
4.82
4.82
4.82
4.82
4.83
4.82
4.82
4.82
4.82
4.82
4.82
4.82
4.83
4.82
4.82
4.82
4.83
4.82
4.82
4.82
4.82
4.82
4.82
4.82
4.82
4.83
4.82
4.82
4.82
4.82
4.82
4.83
4.82
4.82
4.82
4.82
4.82
4.83
4.82
4.82
4.82
4.82
4.82
4.82
4.82
4.82
4.82
4.82
4.82
4.83
4.83
4.83
4.82
4.82
4.82
4.82
4.82
4.82
4.82
4.82
4.82
4.82
4.82
4.82
4.82
4.82
4.82
4.82
4.82
4.82
4.82
4.82
4.82
4.82
4.82
4.82
4.82
4.82
4.82
4.82
4.82
4.82
4.82
4.82
