19.96
19.97
19.94
19.95
19.95
19.96
19.96
19.96
19.95
19.95
19.96
19.94
19.96
19.96
19.96
19.97
19.94
19.95
19.97
19.97
19.95
19.96
19.96
19.96
19.97
19.96
19.95
19.96
19.96
19.98
19.96
19.97
19.96
19.94
19.95
19.95
19.95
19.94
19.96
19.96
19.95
19.96
19.94
19.97
19.96
19.96
19.95
19.97
19.96
19.97
19.95
19.97
19.95
19.97
19.95
19.96
19.96
19.96
19.96
19.97
19.96
19.96
19.95
19.94
19.96
19.94
19.95
19.97
19.96
19.95
19.95
19.97
19.95
19.95
19.94
19.97
19.96
19.96
19.95
19.94
19.97
19.94
19.96
19.97
19.95
19.95
19.96
19.97
19.95
19.97
19.95
19.97
19.96
19.97
19.95
19.94
19.96
19.95
19.96
19.94
