5.63
5.58
5.55
5.55
5.52
5.52
5.52
5.51
5.49
5.49
5.49
5.49
5.49
5.49
5.49
5.49
5.48
5.48
5.48
5.48
5.49
5.48
5.48
5.48
5.48
5.48
5.48
5.48
5.48
5.48
5.48
5.48
5.48
5.48
5.48
5.48
5.48
5.48
5.48
5.48
5.48
5.48
5.48
5.48
5.48
5.48
5.48
5.48
5.48
5.48
5.48
5.48
5.48
5.48
5.48
5.48
5.48
5.48
5.48
5.48
5.48
5.48
5.48
5.48
5.48
5.48
5.48
5.48
5.48
5.48
5.48
5.48
5.48
5.48
5.48
5.48
5.48
5.48
5.48
5.48
5.48
5.48
5.48
5.48
5.48
5.48
5.48
5.48
5.48
5.48
5.48
5.48
5.48
5.48
5.48
5.48
5.48
5.48
5.48
5.48
