26.46
26.47
26.47
26.48
26.47
26.47
26.47
26.32
26.31
26.40
26.47
26.47
26.49
26.49
26.46
26.48
26.46
26.47
26.48
26.48
26.47
26.47
26.49
26.47
26.46
26.47
26.46
26.46
26.47
26.49
26.47
26.48
26.48
26.47
26.47
26.46
26.48
26.46
26.45
26.46
26.45
26.48
26.46
26.46
26.45
26.47
26.47
26.46
26.48
26.48
26.48
26.47
26.49
26.26
26.47
26.46
26.47
26.49
26.48
26.48
26.47
26.48
26.47
26.48
26.47
26.45
26.49
26.47
26.44
26.46
26.46
26.46
26.47
26.48
26.48
26.45
26.48
26.47
26.47
26.47
26.46
26.46
26.47
26.48
26.48
26.48
26.47
26.48
26.47
26.47
26.48
26.48
26.45
26.47
26.47
26.46
26.46
26.47
26.46
26.47
