3.81
3.82
3.81
3.81
3.81
3.82
3.81
3.82
3.82
3.81
3.81
3.82
3.82
3.82
3.81
3.82
3.81
3.81
3.81
3.82
3.82
3.82
3.81
3.81
3.81
3.82
3.82
3.82
3.82
3.82
3.81
3.81
3.82
3.82
3.82
3.82
3.82
3.82
3.81
3.81
3.82
3.82
3.82
3.82
3.82
3.82
3.81
3.82
3.81
3.82
3.81
3.82
3.81
3.81
3.82
3.81
3.82
3.81
3.82
3.82
3.81
3.81
3.82
3.82
3.82
3.82
3.82
3.82
3.81
3.81
3.81
3.82
3.81
3.82
3.82
3.81
3.82
3.82
3.81
3.82
3.81
3.82
3.82
3.81
3.81
3.82
3.82
3.81
3.82
3.81
3.82
3.82
3.82
3.82
3.81
3.81
3.81
3.81
3.81
3.82
