4.51
4.52
4.50
4.52
4.52
4.52
4.52
4.53
4.52
4.52
4.52
4.52
4.52
4.52
4.52
4.52
4.52
4.52
4.52
4.53
4.52
4.52
4.52
4.52
4.53
4.52
4.52
4.52
4.52
4.52
4.53
4.52
4.52
4.52
4.52
4.52
4.52
4.52
4.52
4.52
4.53
4.52
4.53
4.52
4.53
4.52
4.53
4.52
4.53
4.52
4.53
4.52
4.52
4.53
4.53
4.53
4.53
4.52
4.52
4.53
4.53
4.52
4.53
4.52
4.53
4.52
4.52
4.52
4.53
4.52
4.52
4.53
4.52
4.52
4.53
4.52
4.52
4.53
4.52
4.53
4.53
4.52
4.52
4.52
4.52
4.52
4.53
4.53
4.53
4.52
4.52
4.52
4.52
4.53
4.53
4.53
4.53
4.52
4.52
4.52
