8.87
8.87
8.87
8.87
8.87
8.87
8.87
8.87
8.87
8.87
8.87
8.87
8.87
8.87
8.87
8.87
8.87
8.87
8.87
8.87
8.87
8.87
8.87
8.87
8.87
8.87
8.87
8.87
8.87
8.87
8.87
8.87
8.87
8.87
8.87
8.87
8.87
8.87
8.87
8.87
8.87
8.87
8.87
8.87
8.87
8.87
8.87
8.87
8.87
8.87
8.87
8.87
8.87
8.87
8.87
8.87
8.87
8.87
8.87
8.87
8.87
8.87
8.87
8.87
8.87
8.87
8.87
8.87
8.87
8.87
8.87
8.87
8.87
8.87
8.87
8.87
8.87
8.87
8.87
8.87
8.87
8.87
8.87
8.87
8.87
8.87
8.87
8.87
8.87
8.87
8.87
8.87
8.87
8.88
8.87
8.87
8.87
8.87
8.87
8.87
