10.12
10.12
10.12
10.12
10.12
10.12
10.12
10.12
10.12
10.12
10.12
10.12
10.12
10.12
10.12
10.12
10.12
10.12
10.12
10.12
10.12
10.12
10.12
10.12
10.12
10.12
10.12
10.12
10.12
10.12
10.12
10.12
10.12
10.12
10.12
10.12
10.12
10.12
10.12
10.12
10.12
10.12
10.12
10.12
10.12
10.12
10.12
10.13
10.12
10.12
10.12
10.12
10.12
10.12
10.12
10.12
10.12
10.12
10.11
10.11
10.11
10.11
10.11
10.11
10.11
10.11
10.11
10.11
10.11
10.11
10.11
10.11
10.11
10.11
10.11
10.11
10.11
10.11
10.11
10.11
10.11
10.12
10.11
10.11
10.11
10.11
10.11
10.11
10.11
10.11
10.11
10.11
10.11
10.11
10.11
10.11
10.11
10.11
10.11
10.11
