5.95
5.95
5.94
5.95
5.95
5.95
5.95
5.94
5.95
5.95
5.95
5.94
5.95
5.95
5.95
5.95
5.95
5.95
5.95
5.94
5.95
5.95
5.95
5.95
5.95
5.95
5.95
5.95
5.95
5.95
5.94
5.95
5.95
5.95
5.95
5.95
5.94
5.94
5.95
5.95
5.94
5.94
5.95
5.94
5.94
5.95
5.94
5.95
5.95
5.95
5.94
5.95
5.95
5.94
5.95
5.95
5.94
5.95
5.95
5.95
5.95
5.95
5.95
5.94
5.95
5.95
5.95
5.95
5.95
5.94
5.95
5.95
5.95
5.95
5.94
5.95
5.95
5.95
5.95
5.95
5.95
5.95
5.94
5.95
5.94
5.94
5.95
5.95
5.95
5.94
5.95
5.95
5.95
5.95
5.95
5.94
5.94
5.95
5.94
5.95
