73.66
74.15
73.89
73.93
73.95
73.89
73.94
73.93
73.98
73.95
73.90
73.77
73.78
73.72
73.75
73.75
73.76
73.75
73.75
73.73
73.75
73.76
73.76
73.75
73.71
73.75
73.75
73.76
73.75
73.65
73.25
72.87
72.72
72.76
72.85
72.82
72.83
72.83
72.84
72.83
72.84
72.82
72.86
72.83
72.81
72.84
72.86
72.75
72.85
72.82
72.85
72.87
72.85
72.84
72.85
72.82
72.83
72.83
72.84
72.84
72.83
72.84
72.82
72.79
72.80
72.81
72.84
72.84
72.85
72.81
72.83
72.84
72.83
72.84
72.83
72.84
72.83
72.83
72.84
72.83
72.81
72.82
72.85
72.83
72.85
72.84
72.84
72.86
72.85
72.82
72.86
72.85
72.84
72.81
72.82
72.84
72.84
72.85
72.85
72.84
