15.34
15.39
15.39
15.39
15.39
15.35
15.39
15.39
15.39
15.39
15.38
15.39
15.39
15.39
15.38
15.39
15.33
15.39
15.39
15.39
15.40
15.34
15.39
15.39
15.39
15.39
15.36
15.40
15.38
15.39
15.38
15.39
15.30
15.39
15.39
15.39
15.39
15.34
15.39
15.40
15.39
15.39
15.35
15.39
15.39
15.39
15.39
15.38
15.39
15.39
15.39
15.38
15.39
15.31
15.39
15.39
15.39
15.39
15.34
15.39
15.39
15.39
15.39
15.36
15.39
15.39
15.39
15.39
15.39
15.39
15.39
15.40
15.40
15.39
15.33
15.39
15.39
15.39
15.39
15.35
15.39
15.39
15.39
15.39
15.37
15.39
15.39
15.39
15.38
15.39
15.31
15.39
15.39
15.39
15.39
15.34
15.39
15.39
15.39
15.39
