5.08
5.07
5.07
5.06
5.09
5.10
5.10
5.10
5.09
5.10
5.09
5.09
5.09
5.09
5.10
5.09
5.09
5.09
5.09
5.10
5.10
5.09
5.09
5.09
5.09
5.13
5.12
5.12
5.12
5.12
5.12
5.13
5.12
5.12
5.12
5.12
5.12
5.12
5.12
5.12
5.12
5.12
5.12
5.12
5.12
5.12
5.12
5.12
5.12
5.12
5.12
5.12
5.12
5.12
5.12
5.12
5.12
5.12
5.12
5.12
5.12
5.12
5.12
5.13
5.12
5.12
5.12
5.13
5.15
5.15
5.15
5.15
5.15
5.15
5.15
5.15
5.15
5.15
5.15
5.15
5.15
5.15
5.15
5.15
5.15
5.15
5.14
5.15
5.15
5.15
5.14
5.15
5.15
5.15
5.15
5.15
5.15
5.15
5.15
5.15
