38.92
38.89
38.90
38.93
38.96
38.96
38.96
38.96
38.95
38.97
38.97
38.96
38.91
38.93
38.96
38.97
38.94
38.94
38.96
38.96
38.94
38.94
38.94
38.96
38.96
38.94
38.94
38.95
38.96
38.95
38.96
38.95
38.95
38.96
38.95
38.96
38.85
38.97
38.96
38.96
38.96
38.96
38.95
38.96
38.96
38.96
38.95
38.95
38.96
38.95
38.95
38.92
38.93
38.95
38.94
38.95
38.96
38.94
38.95
38.93
38.94
38.95
38.90
38.94
38.95
38.95
38.96
38.95
38.94
38.96
38.96
38.95
38.95
38.96
38.95
38.96
38.96
38.94
38.96
38.95
38.94
38.96
38.96
38.94
38.96
38.98
38.93
38.98
38.98
38.99
39.00
38.98
38.99
38.99
38.97
38.97
38.97
38.97
38.98
38.91
