11.77
11.77
11.77
11.77
11.77
11.77
11.77
11.77
11.77
11.77
11.78
11.77
11.77
11.77
11.77
11.77
11.77
11.77
11.77
11.77
11.77
11.77
11.77
11.77
11.77
11.77
11.77
11.77
11.77
11.77
11.77
11.77
11.77
11.77
11.77
11.77
11.77
11.76
11.76
11.77
11.77
11.77
11.77
11.76
11.77
11.77
11.77
11.77
11.77
11.77
11.77
11.77
11.77
11.77
11.77
11.77
11.77
11.77
11.77
11.77
11.77
11.77
11.77
11.77
11.77
11.77
11.77
11.77
11.77
11.77
11.77
11.77
11.77
11.77
11.77
11.77
11.77
11.77
11.77
11.77
11.77
11.77
11.77
11.77
11.76
11.77
11.77
11.77
11.77
11.77
11.76
11.77
11.77
11.77
11.77
11.77
11.77
11.77
11.77
11.77
