4.03
4.02
4.02
4.02
4.03
4.03
4.03
4.02
4.03
4.03
4.02
4.03
4.03
4.02
4.03
4.03
4.02
4.03
4.02
4.03
4.03
4.03
4.02
4.02
4.03
4.03
4.03
4.03
4.02
4.03
4.03
4.03
4.03
4.03
4.03
4.03
4.03
4.03
4.03
4.03
4.02
4.03
4.03
4.02
4.03
4.03
4.02
4.03
4.02
4.03
4.02
4.02
4.03
4.03
4.03
4.02
4.03
4.02
4.03
4.02
4.03
4.03
4.03
4.02
4.03
4.03
4.02
4.03
4.03
4.03
4.03
4.03
4.03
4.03
4.02
4.03
4.02
4.03
4.03
4.02
4.02
4.02
4.02
4.02
4.03
4.03
4.02
4.03
4.02
4.03
4.02
4.03
4.02
4.02
4.03
4.03
4.02
4.02
4.02
4.03
