25.74
25.69
25.66
25.61
25.33
24.58
24.18
23.81
23.83
23.92
23.86
23.63
24.06
23.73
23.82
23.81
23.77
23.73
23.77
23.88
23.72
24.03
23.88
23.75
23.74
23.84
23.74
23.69
23.69
23.77
23.87
23.87
23.78
23.73
23.78
23.71
23.80
23.83
23.86
23.81
23.69
23.65
23.81
23.73
23.80
23.82
23.82
23.78
23.76
23.76
23.64
23.84
23.86
23.83
23.76
23.66
23.69
23.81
23.83
23.85
23.65
23.87
23.78
23.74
23.78
23.76
23.64
23.92
23.71
23.91
23.65
23.65
23.77
23.77
23.92
23.79
23.72
23.76
23.76
23.79
23.68
23.67
23.77
23.77
23.76
23.72
23.96
23.72
22.73
22.39
23.63
23.87
23.80
23.78
23.66
23.82
23.79
23.71
23.90
23.84
