       0     4.367
     100     3.989
     200     3.858
     300     3.766
     400     3.827
     500     3.675
     600     3.936
     700     4.029
     800     3.912
     900     3.887
    1000     3.813
    1100     3.886
    1200     3.784
    1300     3.877
    1400     3.802
    1500     3.743
    1600     3.789
    1700     3.731
    1800     3.790
    1900     3.914
    2000     3.879
    2100     3.789
    2200     3.838
    2300     3.877
    2400     3.908
    2500     3.804
    2600     3.715
    2700     3.759
    2800     3.896
    2900     3.855
    3000     4.045
    3100     4.021
    3200     3.979
    3300     3.979
    3400     3.927
    3500     3.926
    3600     3.695
    3700     3.889
    3800     4.033
    3900     4.070
    4000     4.089
    4100     3.865
    4200     3.741
    4300     3.905
    4400     3.832
    4500     3.891
    4600     3.746
    4700     3.731
    4800     3.778
    4900     3.945
    5000     3.803
    5100     4.048
    5200     3.911
    5300     3.824
    5400     4.017
    5500     3.896
    5600     3.733
    5700     3.846
    5800     4.228
    5900     4.089
    6000     3.996
    6100     3.941
    6200     4.034
    6300     4.117
    6400     4.106
    6500     4.017
    6600     3.965
    6700     3.935
    6800     3.755
    6900     3.780
    7000     3.748
    7100     3.847
    7200     3.678
    7300     3.828
    7400     3.900
    7500     3.967
    7600     4.094
    7700     3.889
    7800     3.896
    7900     3.858
    8000     3.875
    8100     4.022
    8200     3.845
    8300     3.846
    8400     3.909
    8500     3.891
    8600     4.093
    8700     4.029
    8800     4.070
    8900     3.848
    9000     4.047
    9100     4.154
    9200     4.063
    9300     3.995
    9400     4.014
    9500     4.080
    9600     4.075
    9700     4.031
    9800     3.966
    9900     3.875
   10000     3.798
   10100     3.878
   10200     3.675
   10300     3.760
   10400     3.646
   10500     3.877
   10600     3.791
   10700     3.940
   10800     3.799
   10900     3.928
   11000     3.822
   11100     3.823
   11200     4.004
   11300     3.875
   11400     3.923
   11500     3.904
   11600     3.846
   11700     4.012
   11800     3.916
   11900     4.112
   12000     3.915
   12100     4.174
   12200     3.977
   12300     4.180
   12400     4.147
   12500     4.071
   12600     3.972
   12700     3.913
   12800     3.936
   12900     3.948
   13000     3.802
   13100     3.758
   13200     3.842
   13300     3.877
   13400     3.840
   13500     3.959
   13600     4.213
   13700     4.100
   13800     3.942
   13900     3.896
   14000     3.836
   14100     3.977
   14200     3.875
   14300     3.956
   14400     3.909
   14500     3.860
   14600     3.755
   14700     3.804
   14800     3.774
   14900     3.952
   15000     3.943
   15100     4.186
   15200     3.905
   15300     3.865
   15400     3.943
   15500     4.031
   15600     3.939
   15700     4.156
   15800     3.927
   15900     4.124
   16000     4.059
   16100     4.055
   16200     4.096
   16300     4.132
   16400     4.069
   16500     4.078
   16600     3.899
   16700     3.968
   16800     3.719
   16900     3.815
   17000     3.981
   17100     3.764
   17200     3.771
   17300     3.802
   17400     3.943
   17500     3.998
   17600     4.019
   17700     3.856
   17800     3.769
   17900     3.766
   18000     3.700
   18100     3.722
   18200     3.829
   18300     3.637
   18400     3.921
   18500     3.848
   18600     3.764
   18700     3.790
   18800     3.910
   18900     3.909
   19000     3.830
   19100     3.938
   19200     3.647
   19300     3.773
   19400     3.907
   19500     3.762
   19600     3.718
   19700     3.624
   19800     3.736
   19900     3.955
   20000     3.717
   20100     3.858
   20200     3.722
   20300     3.999
   20400     4.045
   20500     3.889
   20600     3.989
   20700     3.871
   20800     3.801
   20900     3.919
   21000     3.913
   21100     3.884
   21200     3.873
   21300     3.676
   21400     3.744
   21500     3.757
   21600     3.782
   21700     4.135
   21800     3.808
   21900     3.946
   22000     3.951
   22100     4.080
   22200     3.873
   22300     3.875
   22400     3.800
   22500     3.846
   22600     3.899
   22700     3.934
   22800     4.197
   22900     3.960
   23000     3.961
   23100     3.931
   23200     3.714
   23300     3.752
   23400     3.759
   23500     3.776
   23600     3.872
   23700     3.761
   23800     3.900
   23900     3.996
   24000     3.907
   24100     3.874
   24200     3.890
   24300     4.159
   24400     3.957
   24500     3.970
   24600     4.008
   24700     3.918
   24800     3.808
   24900     3.793
   25000     3.971
   25100     3.936
   25200     3.945
   25300     3.697
   25400     3.662
   25500     3.724
   25600     3.777
   25700     3.926
   25800     4.039
   25900     3.974
   26000     3.999
   26100     3.877
   26200     3.971
   26300     3.809
   26400     4.054
   26500     3.987
   26600     4.006
   26700     3.781
   26800     3.913
   26900     3.850
   27000     3.924
   27100     3.969
   27200     3.927
   27300     3.876
   27400     3.872
   27500     3.882
   27600     3.957
   27700     3.819
   27800     3.898
   27900     3.854
   28000     3.836
   28100     3.766
   28200     3.607
   28300     3.715
   28400     3.906
   28500     3.939
   28600     3.926
   28700     3.853
   28800     3.955
   28900     3.970
   29000     4.064
   29100     3.960
   29200     3.866
   29300     3.871
   29400     3.919
   29500     3.891
   29600     3.714
   29700     3.895
   29800     3.784
   29900     3.696
   30000     3.944
   30100     3.844
   30200     3.853
   30300     4.001
   30400     3.887
   30500     3.981
   30600     3.794
   30700     3.775
   30800     3.961
   30900     3.736
   31000     3.774
   31100     3.860
   31200     4.059
   31300     3.886
   31400     3.724
   31500     3.829
   31600     3.933
   31700     3.850
   31800     3.959
   31900     3.877
   32000     3.875
   32100     3.834
   32200     3.681
   32300     3.834
   32400     3.847
   32500     3.942
   32600     3.862
   32700     3.710
   32800     3.865
   32900     3.884
   33000     3.841
   33100     3.734
   33200     3.813
   33300     3.809
   33400     3.668
   33500     3.805
   33600     3.793
   33700     3.877
   33800     3.989
   33900     3.908
   34000     3.919
   34100     3.843
   34200     4.042
   34300     3.840
   34400     3.910
   34500     4.044
   34600     4.039
   34700     4.006
   34800     4.004
   34900     3.776
   35000     3.785
   35100     3.742
   35200     3.778
   35300     3.739
   35400     3.753
   35500     3.701
   35600     3.789
   35700     3.821
   35800     3.694
   35900     3.813
   36000     3.833
   36100     3.866
   36200     3.976
   36300     3.960
   36400     4.029
   36500     3.886
   36600     3.688
   36700     3.956
   36800     3.899
   36900     3.837
   37000     3.924
   37100     3.892
   37200     3.964
   37300     3.934
   37400     4.076
   37500     3.817
   37600     3.676
   37700     3.899
   37800     3.952
   37900     3.939
   38000     3.799
   38100     3.874
   38200     3.789
   38300     3.700
   38400     3.815
   38500     3.773
   38600     3.714
   38700     3.795
   38800     3.972
   38900     4.054
   39000     3.997
   39100     4.066
   39200     3.970
   39300     3.983
   39400     4.016
   39500     4.208
   39600     4.242
   39700     4.089
   39800     4.033
   39900     4.011
   40000     4.024
   40100     3.993
   40200     3.954
   40300     4.117
   40400     4.066
   40500     4.139
   40600     4.011
   40700     3.962
   40800     3.834
   40900     3.822
   41000     3.772
   41100     3.787
   41200     3.878
   41300     3.794
   41400     3.869
   41500     3.682
   41600     3.902
   41700     3.744
   41800     3.775
   41900     3.853
   42000     4.013
   42100     3.935
   42200     3.839
   42300     3.916
   42400     3.780
   42500     3.853
   42600     4.019
   42700     3.800
   42800     4.031
   42900     3.909
   43000     3.898
   43100     3.941
   43200     4.012
   43300     3.948
   43400     4.066
   43500     3.976
   43600     3.880
   43700     3.926
   43800     3.855
   43900     3.959
   44000     4.000
   44100     3.987
   44200     3.982
   44300     3.915
   44400     4.068
   44500     4.062
   44600     4.010
   44700     4.017
   44800     3.786
   44900     3.968
   45000     3.954
   45100     3.972
   45200     3.809
   45300     3.702
   45400     3.656
   45500     3.877
   45600     3.842
   45700     3.859
   45800     3.905
   45900     3.902
   46000     3.837
   46100     3.861
   46200     3.859
   46300     3.983
   46400     3.997
   46500     3.892
   46600     3.952
   46700     3.772
   46800     3.782
   46900     3.739
   47000     3.829
   47100     3.665
   47200     3.819
   47300     3.866
   47400     3.753
   47500     3.831
   47600     3.927
   47700     3.936
   47800     3.932
   47900     4.122
   48000     4.131
   48100     4.196
   48200     3.928
   48300     3.799
   48400     3.623
   48500     3.875
   48600     3.714
   48700     3.892
   48800     3.821
   48900     3.645
   49000     3.797
   49100     3.777
   49200     3.765
   49300     3.793
   49400     3.902
   49500     4.014
   49600     3.925
   49700     3.737
   49800     3.637
   49900     3.910
   50000     3.876
   50100     3.866
   50200     3.831
   50300     3.851
   50400     3.974
   50500     3.985
   50600     4.067
   50700     3.903
   50800     3.898
   50900     3.946
   51000     4.055
   51100     3.948
   51200     3.946
   51300     3.800
   51400     3.687
   51500     3.782
   51600     3.683
   51700     3.825
   51800     3.813
   51900     3.839
   52000     3.843
   52100     3.934
   52200     4.090
   52300     3.930
   52400     4.024
   52500     3.864
   52600     3.712
   52700     3.822
   52800     3.772
   52900     3.851
   53000     3.684
   53100     3.832
   53200     3.822
   53300     3.947
   53400     3.989
   53500     3.852
   53600     3.809
   53700     3.699
   53800     3.924
   53900     3.674
   54000     3.797
   54100     4.010
   54200     3.858
   54300     3.983
   54400     3.892
   54500     3.992
   54600     3.937
   54700     3.901
   54800     3.834
   54900     3.843
   55000     3.837
   55100     4.165
   55200     3.987
   55300     3.883
   55400     3.956
   55500     3.734
   55600     4.077
   55700     4.013
   55800     3.916
   55900     4.020
   56000     3.997
   56100     3.765
   56200     4.027
   56300     4.115
   56400     4.023
   56500     4.026
   56600     3.921
   56700     3.871
   56800     3.930
   56900     3.912
   57000     4.024
   57100     3.984
   57200     3.885
   57300     3.996
   57400     3.835
   57500     3.813
   57600     3.856
   57700     3.925
   57800     3.904
   57900     3.950
   58000     3.889
   58100     3.872
   58200     4.036
   58300     3.970
   58400     3.881
   58500     3.941
   58600     3.961
   58700     3.893
   58800     3.866
   58900     3.833
   59000     3.750
   59100     3.929
   59200     3.867
   59300     3.880
   59400     3.820
   59500     3.903
   59600     3.831
   59700     3.810
   59800     3.682
   59900     3.775
   60000     3.961
   60100     3.994
   60200     4.033
   60300     4.046
   60400     3.955
   60500     3.785
   60600     4.003
   60700     3.791
   60800     3.861
   60900     3.803
   61000     3.765
   61100     3.960
   61200     3.830
   61300     3.938
   61400     3.832
   61500     3.870
   61600     3.912
   61700     3.877
   61800     3.858
   61900     3.886
   62000     3.659
   62100     3.740
   62200     3.835
   62300     3.953
   62400     3.910
   62500     4.116
   62600     4.034
   62700     3.816
   62800     4.019
   62900     4.122
   63000     4.175
   63100     4.091
   63200     3.965
   63300     4.077
   63400     3.926
   63500     4.015
   63600     4.009
   63700     4.031
   63800     3.979
   63900     3.890
   64000     3.845
   64100     3.732
   64200     3.700
   64300     3.859
   64400     3.797
   64500     3.887
   64600     3.963
   64700     4.160
   64800     3.762
   64900     3.858
   65000     3.998
   65100     3.982
   65200     3.938
   65300     3.626
   65400     3.721
   65500     3.859
   65600     3.799
   65700     3.930
   65800     3.891
   65900     3.794
   66000     3.878
   66100     3.814
   66200     3.949
   66300     4.019
   66400     3.986
   66500     3.952
   66600     4.059
   66700     3.999
   66800     3.920
   66900     3.790
   67000     3.730
   67100     3.903
   67200     3.924
   67300     3.933
   67400     3.905
   67500     3.871
   67600     3.677
   67700     3.945
   67800     4.038
   67900     3.837
   68000     4.009
   68100     4.048
   68200     4.081
   68300     3.864
   68400     3.974
   68500     4.057
   68600     4.065
   68700     4.070
   68800     3.792
   68900     3.964
   69000     3.852
   69100     3.857
   69200     3.841
   69300     4.007
   69400     3.982
   69500     3.938
   69600     3.976
   69700     4.188
   69800     3.942
   69900     3.787
   70000     3.871
   70100     3.863
   70200     4.016
   70300     4.029
   70400     4.052
   70500     4.083
   70600     3.823
   70700     3.941
   70800     4.008
   70900     4.086
   71000     4.144
   71100     3.994
   71200     3.701
   71300     3.682
   71400     3.807
   71500     3.980
   71600     4.002
   71700     4.040
   71800     3.921
   71900     3.985
   72000     3.763
   72100     3.731
   72200     3.717
   72300     3.921
   72400     3.764
   72500     3.815
   72600     3.801
   72700     3.962
   72800     3.849
   72900     3.808
   73000     3.902
   73100     4.064
   73200     3.869
   73300     3.812
   73400     3.972
   73500     3.856
   73600     3.870
   73700     3.884
   73800     3.948
   73900     3.887
   74000     3.718
   74100     3.748
   74200     3.920
   74300     3.781
   74400     3.921
   74500     3.808
   74600     3.603
   74700     3.655
   74800     3.517
   74900     3.623
   75000     3.553
   75100     3.707
   75200     3.900
   75300     3.877
   75400     3.892
   75500     4.149
   75600     4.047
   75700     3.783
   75800     3.891
   75900     3.931
   76000     3.914
   76100     3.848
   76200     3.886
   76300     3.805
   76400     3.651
   76500     3.864
   76600     3.986
   76700     3.934
   76800     3.914
   76900     3.758
   77000     3.927
   77100     3.997
   77200     3.889
   77300     3.911
   77400     4.012
   77500     4.038
   77600     3.870
   77700     4.107
   77800     4.140
   77900     3.728
   78000     4.018
   78100     4.029
   78200     3.832
   78300     3.988
   78400     4.050
   78500     3.967
   78600     3.875
   78700     4.074
   78800     4.186
   78900     4.209
   79000     3.776
   79100     3.939
   79200     4.075
   79300     4.038
   79400     3.906
   79500     3.943
   79600     3.995
   79700     4.006
   79800     3.818
   79900     3.719
   80000     3.830
   80100     3.833
   80200     3.918
   80300     3.869
   80400     3.892
   80500     3.925
   80600     4.057
   80700     4.023
   80800     3.963
   80900     3.998
   81000     3.819
   81100     3.813
   81200     3.769
   81300     3.749
   81400     3.815
   81500     3.931
   81600     3.817
   81700     3.903
   81800     3.945
   81900     3.738
   82000     3.993
   82100     3.956
   82200     3.986
   82300     3.652
   82400     3.667
   82500     3.783
   82600     3.888
   82700     3.853
   82800     3.760
   82900     3.828
   83000     3.956
   83100     4.121
   83200     4.039
   83300     3.984
   83400     3.955
   83500     3.818
   83600     3.909
   83700     3.873
   83800     3.829
   83900     3.855
   84000     3.751
   84100     3.645
   84200     3.783
   84300     3.937
   84400     3.895
   84500     3.673
   84600     3.905
   84700     3.841
   84800     4.028
   84900     3.956
   85000     3.872
   85100     3.776
   85200     3.815
   85300     3.882
   85400     3.780
   85500     3.773
   85600     3.989
   85700     3.983
   85800     4.031
   85900     3.879
   86000     3.974
   86100     3.786
   86200     3.912
   86300     3.907
   86400     3.927
   86500     3.962
   86600     4.060
   86700     3.917
   86800     3.841
   86900     3.858
   87000     3.838
   87100     3.757
   87200     3.819
   87300     3.797
   87400     3.959
   87500     3.826
   87600     3.749
   87700     3.915
   87800     3.876
   87900     3.893
   88000     3.818
   88100     3.906
   88200     3.856
   88300     3.807
   88400     3.883
   88500     3.919
   88600     3.860
   88700     3.978
   88800     4.105
   88900     4.041
   89000     3.918
   89100     3.780
   89200     3.921
   89300     3.861
   89400     3.918
   89500     3.968
   89600     3.771
   89700     4.034
   89800     4.128
   89900     4.187
   90000     3.998
   90100     3.906
   90200     4.003
   90300     3.990
   90400     4.029
   90500     4.151
   90600     3.890
   90700     3.955
   90800     3.788
   90900     3.972
   91000     3.956
   91100     4.018
   91200     3.951
   91300     4.188
   91400     4.123
   91500     4.172
   91600     4.011
   91700     3.810
   91800     4.021
   91900     3.926
   92000     4.033
   92100     3.938
   92200     3.929
   92300     3.766
   92400     3.946
   92500     3.989
   92600     3.876
   92700     3.909
   92800     3.785
   92900     3.878
   93000     3.822
   93100     3.586
   93200     3.792
   93300     3.812
   93400     4.060
   93500     3.881
   93600     3.822
   93700     3.712
   93800     3.727
   93900     3.837
   94000     3.847
   94100     3.949
   94200     3.879
   94300     3.952
   94400     4.089
   94500     3.936
   94600     4.228
   94700     4.005
   94800     4.085
   94900     4.130
   95000     4.047
   95100     4.007
   95200     3.943
   95300     3.802
   95400     3.906
   95500     3.997
   95600     3.786
   95700     3.691
   95800     3.876
   95900     3.759
   96000     3.992
   96100     3.974
   96200     3.967
   96300     4.003
   96400     3.793
   96500     3.818
   96600     3.816
   96700     4.041
   96800     3.950
   96900     3.856
   97000     3.660
   97100     3.798
   97200     3.743
   97300     3.897
   97400     3.984
   97500     3.968
   97600     3.999
   97700     3.648
   97800     3.917
   97900     3.753
   98000     3.851
   98100     3.716
   98200     3.795
   98300     3.902
   98400     3.820
   98500     3.859
   98600     3.839
   98700     3.861
   98800     4.071
   98900     4.142
   99000     3.986
   99100     4.040
   99200     4.144
   99300     4.011
   99400     3.966
   99500     3.960
   99600     3.920
   99700     4.238
   99800     4.106
   99900     3.940
  100000     3.907
  100100     3.869
  100200     3.812
  100300     3.740
  100400     3.900
  100500     3.985
  100600     3.925
  100700     4.040
  100800     3.994
  100900     3.763
  101000     3.803
  101100     4.039
  101200     3.767
  101300     3.735
  101400     3.966
  101500     3.926
  101600     3.983
  101700     3.789
  101800     3.971
  101900     3.879
  102000     4.129
  102100     3.973
  102200     3.955
  102300     3.912
  102400     3.807
  102500     3.802
  102600     3.872
  102700     3.959
  102800     3.937
  102900     4.156
  103000     4.071
  103100     3.909
  103200     4.175
  103300     3.864
  103400     3.811
  103500     4.040
  103600     4.214
  103700     3.898
  103800     3.905
  103900     3.820
  104000     3.989
  104100     3.904
  104200     3.999
  104300     4.005
  104400     3.908
  104500     3.823
  104600     3.893
  104700     3.859
  104800     3.775
  104900     3.831
  105000     3.915
  105100     4.129
  105200     3.973
  105300     3.981
  105400     3.995
  105500     3.922
  105600     3.725
  105700     3.934
  105800     3.821
  105900     3.922
  106000     3.702
  106100     4.048
  106200     3.729
  106300     3.720
  106400     3.809
  106500     3.916
  106600     3.689
  106700     3.785
  106800     3.742
  106900     3.836
  107000     3.889
  107100     3.804
  107200     3.586
  107300     3.669
  107400     3.759
  107500     3.687
  107600     3.714
  107700     3.637
  107800     3.853
  107900     3.976
  108000     3.768
  108100     3.715
  108200     3.966
  108300     3.971
  108400     3.844
  108500     3.697
  108600     3.828
  108700     3.712
  108800     3.893
  108900     3.702
  109000     3.810
  109100     4.088
  109200     3.869
  109300     3.727
  109400     3.752
  109500     3.866
  109600     3.608
  109700     3.766
  109800     3.826
  109900     3.902
  110000     3.938
  110100     3.929
  110200     3.614
  110300     3.984
  110400     3.968
  110500     3.738
  110600     3.813
  110700     3.828
  110800     3.696
  110900     3.782
  111000     3.705
  111100     3.849
  111200     3.807
  111300     3.880
  111400     3.822
  111500     3.832
  111600     4.023
  111700     4.070
  111800     4.178
  111900     4.033
  112000     3.969
  112100     3.853
  112200     3.843
  112300     3.787
  112400     3.825
  112500     3.972
  112600     3.965
  112700     3.898
  112800     3.906
  112900     3.989
  113000     3.911
  113100     3.963
  113200     4.001
  113300     3.892
  113400     3.809
  113500     3.979
  113600     4.068
  113700     3.987
  113800     4.039
  113900     3.859
  114000     3.782
  114100     3.630
  114200     3.756
  114300     3.746
  114400     3.919
  114500     3.773
  114600     3.931
  114700     3.800
  114800     3.821
  114900     3.883
  115000     3.799
  115100     3.812
  115200     3.784
  115300     3.599
  115400     4.022
  115500     3.994
  115600     3.871
  115700     3.633
  115800     3.823
  115900     4.063
  116000     3.862
  116100     3.931
  116200     4.003
  116300     3.911
  116400     3.788
  116500     3.692
  116600     3.719
  116700     3.519
  116800     3.716
  116900     3.999
  117000     3.775
  117100     3.566
  117200     3.749
  117300     3.724
  117400     3.834
  117500     3.826
  117600     3.506
  117700     3.639
  117800     3.484
  117900     3.790
  118000     3.820
  118100     3.800
  118200     3.876
  118300     3.763
  118400     3.881
  118500     3.726
  118600     3.678
  118700     3.700
  118800     3.735
  118900     3.860
  119000     4.018
  119100     3.778
  119200     3.919
  119300     4.013
  119400     3.772
  119500     3.847
  119600     3.846
  119700     3.687
  119800     3.868
  119900     3.735
  120000     3.765
  120100     3.884
  120200     3.690
  120300     3.766
  120400     3.854
  120500     3.979
  120600     3.936
  120700     3.787
  120800     3.782
  120900     3.908
  121000     3.924
  121100     3.869
  121200     3.926
  121300     3.886
  121400     3.793
  121500     3.880
  121600     3.849
  121700     3.781
  121800     3.927
  121900     3.780
  122000     3.888
  122100     3.912
  122200     3.785
  122300     4.012
  122400     4.005
  122500     4.040
  122600     4.100
  122700     3.994
  122800     3.876
  122900     3.813
  123000     3.674
  123100     3.733
  123200     3.644
  123300     3.621
  123400     3.655
  123500     3.733
  123600     3.894
  123700     3.833
  123800     3.870
  123900     3.807
  124000     3.796
  124100     3.916
  124200     3.957
  124300     3.704
  124400     3.733
  124500     3.843
  124600     3.848
  124700     3.838
  124800     3.876
  124900     3.815
  125000     4.048
  125100     3.859
  125200     3.859
  125300     3.959
  125400     4.083
  125500     3.967
  125600     4.022
  125700     4.057
  125800     3.893
  125900     3.986
  126000     4.000
  126100     3.963
  126200     4.052
  126300     3.899
  126400     3.996
  126500     4.015
  126600     4.166
  126700     3.938
  126800     3.909
  126900     3.981
  127000     4.008
  127100     4.159
  127200     3.933
  127300     3.964
  127400     3.950
  127500     3.890
  127600     3.831
  127700     3.962
  127800     3.968
  127900     4.054
  128000     3.887
  128100     3.900
  128200     4.040
  128300     4.024
  128400     3.900
  128500     3.963
  128600     3.902
  128700     3.817
  128800     3.997
  128900     3.965
  129000     3.905
  129100     3.713
  129200     3.934
  129300     3.937
  129400     3.824
  129500     4.051
  129600     4.055
  129700     3.984
  129800     4.002
  129900     4.119
  130000     3.868
  130100     3.844
  130200     3.914
  130300     4.079
  130400     4.154
  130500     4.006
  130600     3.851
  130700     3.817
  130800     3.982
  130900     3.809
  131000     3.866
  131100     3.986
  131200     3.922
  131300     3.841
  131400     3.849
  131500     3.908
  131600     3.924
  131700     4.012
  131800     3.862
  131900     3.901
  132000     4.145
  132100     4.103
  132200     3.952
  132300     4.210
  132400     4.110
  132500     4.155
  132600     4.260
  132700     4.078
  132800     4.224
  132900     4.052
  133000     3.959
  133100     3.897
  133200     3.797
  133300     3.791
  133400     3.878
  133500     3.899
  133600     4.041
  133700     4.112
  133800     4.046
  133900     3.950
  134000     3.970
  134100     3.957
  134200     3.875
  134300     4.045
  134400     3.981
  134500     3.923
  134600     3.982
  134700     3.899
  134800     3.817
  134900     3.965
  135000     3.801
  135100     3.747
  135200     3.892
  135300     4.065
  135400     4.032
  135500     3.884
  135600     3.989
  135700     3.910
  135800     3.705
  135900     3.863
  136000     3.907
  136100     3.910
  136200     4.006
  136300     3.889
  136400     3.977
  136500     4.010
  136600     4.064
  136700     3.911
  136800     3.903
  136900     4.131
  137000     3.858
  137100     3.833
  137200     3.842
  137300     3.906
  137400     3.920
  137500     3.839
  137600     3.784
  137700     3.955
  137800     3.999
  137900     3.726
  138000     3.888
  138100     4.019
  138200     3.849
  138300     3.995
  138400     3.888
  138500     3.914
  138600     3.806
  138700     3.818
  138800     3.850
  138900     3.940
  139000     3.923
  139100     3.987
  139200     3.995
  139300     4.028
  139400     3.873
  139500     3.988
  139600     4.185
  139700     3.897
  139800     3.958
  139900     3.911
  140000     4.007
  140100     3.981
  140200     3.693
  140300     3.847
  140400     3.759
  140500     4.031
  140600     4.019
  140700     3.862
  140800     3.884
  140900     3.901
  141000     3.914
  141100     3.895
  141200     3.950
  141300     3.908
  141400     3.906
  141500     3.843
  141600     3.776
  141700     4.013
  141800     3.914
  141900     4.081
  142000     3.900
  142100     4.003
  142200     3.774
  142300     3.777
  142400     3.856
  142500     3.820
  142600     3.843
  142700     3.975
  142800     4.082
  142900     3.707
  143000     3.637
  143100     3.769
  143200     3.746
  143300     3.875
  143400     3.947
  143500     3.914
  143600     3.795
  143700     3.822
  143800     4.004
  143900     4.111
  144000     3.859
  144100     3.839
  144200     3.748
  144300     3.705
  144400     3.807
  144500     4.005
  144600     4.000
  144700     3.966
  144800     3.917
  144900     3.667
  145000     3.807
  145100     3.946
  145200     3.986
  145300     4.114
  145400     4.064
  145500     4.041
  145600     3.863
  145700     3.830
  145800     3.960
  145900     3.690
  146000     3.828
  146100     3.822
  146200     3.905
  146300     4.086
  146400     3.802
  146500     3.898
  146600     3.976
  146700     3.906
  146800     3.784
  146900     3.913
  147000     3.900
  147100     4.172
  147200     3.944
  147300     4.003
  147400     3.788
  147500     3.909
  147600     3.818
  147700     3.809
  147800     3.879
  147900     3.947
  148000     3.903
  148100     3.928
  148200     4.095
  148300     4.032
  148400     3.918
  148500     3.999
  148600     3.840
  148700     3.964
  148800     3.987
  148900     3.918
  149000     3.933
  149100     3.940
  149200     3.877
  149300     3.832
  149400     4.023
  149500     3.925
  149600     3.972
  149700     3.884
  149800     3.942
  149900     4.040
  150000     3.872
  150100     3.928
  150200     3.802
  150300     3.994
  150400     3.787
  150500     3.806
  150600     3.967
  150700     4.004
  150800     3.949
  150900     3.931
  151000     3.929
  151100     3.985
  151200     4.039
  151300     4.008
  151400     3.870
  151500     3.980
  151600     4.000
  151700     3.978
  151800     3.874
  151900     3.879
  152000     3.988
  152100     4.054
  152200     4.037
  152300     3.823
  152400     3.860
  152500     3.824
  152600     3.841
  152700     3.876
  152800     3.740
  152900     3.828
  153000     3.868
  153100     3.828
  153200     3.896
  153300     3.894
  153400     3.728
  153500     3.984
  153600     3.969
  153700     4.003
  153800     4.040
  153900     4.119
  154000     4.017
  154100     3.937
  154200     3.823
  154300     3.804
  154400     3.936
  154500     3.824
  154600     3.869
  154700     3.847
  154800     3.922
  154900     3.804
  155000     3.820
  155100     3.756
  155200     3.832
  155300     3.795
  155400     3.987
  155500     4.003
  155600     3.912
  155700     4.113
  155800     3.814
  155900     3.826
  156000     4.093
  156100     4.032
  156200     4.034
  156300     3.879
  156400     3.844
  156500     3.789
  156600     3.866
  156700     4.040
  156800     3.841
  156900     3.865
  157000     3.897
  157100     4.005
  157200     3.856
  157300     4.000
  157400     4.008
  157500     3.897
  157600     3.998
  157700     3.960
  157800     3.882
  157900     3.874
  158000     3.959
  158100     3.766
  158200     3.903
  158300     3.828
  158400     3.963
  158500     3.899
  158600     3.941
  158700     3.978
  158800     4.091
  158900     4.029
  159000     3.994
  159100     4.053
  159200     3.884
  159300     3.839
  159400     4.000
  159500     4.142
  159600     3.980
  159700     3.914
  159800     3.835
  159900     3.686
  160000     3.980
  160100     4.052
  160200     4.152
  160300     3.859
  160400     3.882
  160500     3.945
  160600     3.974
  160700     3.811
  160800     3.835
  160900     3.866
  161000     3.883
  161100     3.961
  161200     3.945
  161300     4.162
  161400     4.096
  161500     3.871
  161600     3.972
  161700     3.862
  161800     3.835
  161900     3.857
  162000     3.776
  162100     3.808
  162200     3.938
  162300     3.894
  162400     3.906
  162500     3.870
  162600     3.828
  162700     3.881
  162800     3.937
  162900     4.085
  163000     3.988
  163100     3.907
  163200     3.856
  163300     3.858
  163400     3.844
  163500     3.869
  163600     3.858
  163700     4.102
  163800     4.102
  163900     4.028
  164000     4.303
  164100     4.200
  164200     4.034
  164300     3.923
  164400     3.954
  164500     3.823
  164600     3.828
  164700     4.014
  164800     3.790
  164900     3.857
  165000     3.892
  165100     3.700
  165200     3.964
  165300     3.872
  165400     3.943
  165500     3.771
  165600     3.927
  165700     3.880
  165800     3.767
  165900     3.771
  166000     3.904
  166100     3.728
  166200     4.068
  166300     3.973
  166400     3.860
  166500     3.947
  166600     4.125
  166700     3.959
  166800     3.931
  166900     3.977
  167000     4.036
  167100     3.834
  167200     3.930
  167300     3.944
  167400     3.736
  167500     3.828
  167600     3.757
  167700     3.904
  167800     3.839
  167900     3.819
  168000     4.005
  168100     3.848
  168200     3.786
  168300     3.840
  168400     4.058
  168500     4.005
  168600     3.917
  168700     3.768
  168800     4.041
  168900     3.964
  169000     4.118
  169100     4.106
  169200     4.029
  169300     3.898
  169400     3.828
  169500     3.857
  169600     3.825
  169700     3.857
  169800     3.944
  169900     4.067
  170000     3.930
  170100     3.944
  170200     3.924
  170300     3.993
  170400     4.069
  170500     4.021
  170600     3.985
  170700     4.240
  170800     3.979
  170900     4.102
  171000     3.925
  171100     3.769
  171200     3.947
  171300     3.897
  171400     3.835
  171500     3.983
  171600     3.872
  171700     3.803
  171800     3.950
  171900     3.948
  172000     3.884
  172100     3.837
  172200     4.134
  172300     3.812
  172400     3.685
  172500     3.673
  172600     3.759
  172700     3.631
  172800     3.946
  172900     3.772
  173000     3.983
  173100     3.931
  173200     3.978
  173300     3.870
  173400     4.060
  173500     4.062
  173600     3.900
  173700     3.722
  173800     4.001
  173900     3.930
  174000     4.081
  174100     4.007
  174200     3.768
  174300     3.865
  174400     3.963
  174500     3.804
  174600     3.832
  174700     3.737
  174800     3.943
  174900     4.025
  175000     3.970
  175100     4.093
  175200     3.962
  175300     3.941
  175400     3.963
  175500     4.003
  175600     4.054
  175700     3.913
  175800     3.928
  175900     3.998
  176000     4.119
  176100     3.892
  176200     4.000
  176300     3.925
  176400     3.921
  176500     3.721
  176600     3.923
  176700     3.892
  176800     3.928
  176900     4.172
  177000     3.996
  177100     3.845
  177200     3.948
  177300     3.945
  177400     3.921
  177500     4.069
  177600     3.967
  177700     3.864
  177800     3.946
  177900     3.853
  178000     3.676
  178100     3.908
  178200     3.878
  178300     3.927
  178400     4.051
  178500     4.051
  178600     4.230
  178700     3.932
  178800     3.871
  178900     3.724
  179000     3.867
  179100     3.733
  179200     3.918
  179300     3.906
  179400     3.729
  179500     4.007
  179600     3.995
  179700     3.859
  179800     3.876
  179900     3.945
  180000     3.809
  180100     3.733
  180200     4.015
  180300     3.925
  180400     3.919
  180500     3.947
  180600     3.794
  180700     3.913
  180800     4.105
  180900     3.989
  181000     3.931
  181100     3.973
  181200     3.916
  181300     3.865
  181400     3.792
  181500     3.905
  181600     4.039
  181700     3.784
  181800     3.721
  181900     3.831
  182000     4.094
  182100     4.106
  182200     3.934
  182300     3.969
  182400     3.812
  182500     3.777
  182600     3.783
  182700     3.922
  182800     3.579
  182900     3.927
  183000     3.783
  183100     3.622
  183200     3.700
  183300     3.671
  183400     3.727
  183500     4.022
  183600     3.842
  183700     3.903
  183800     3.741
  183900     3.914
  184000     3.856
  184100     3.681
  184200     3.929
  184300     4.079
  184400     4.103
  184500     3.947
  184600     3.798
  184700     3.691
  184800     3.875
  184900     3.838
  185000     3.912
  185100     3.973
  185200     3.969
  185300     4.192
  185400     4.008
  185500     3.940
  185600     4.041
  185700     4.010
  185800     3.866
  185900     3.872
  186000     3.935
  186100     4.076
  186200     4.075
  186300     4.097
  186400     3.892
  186500     4.114
  186600     3.886
  186700     4.001
  186800     3.872
  186900     4.043
  187000     3.845
  187100     3.977
  187200     3.861
  187300     4.059
  187400     3.971
  187500     4.144
  187600     3.755
  187700     3.794
  187800     3.806
  187900     3.848
  188000     3.803
  188100     3.911
  188200     3.958
  188300     3.775
  188400     3.715
  188500     3.796
  188600     3.967
  188700     3.782
  188800     3.735
  188900     3.817
  189000     3.865
  189100     3.968
  189200     4.014
  189300     4.027
  189400     4.045
  189500     3.852
  189600     3.978
  189700     4.037
  189800     4.020
  189900     4.003
  190000     3.964
  190100     4.032
  190200     4.071
  190300     3.953
  190400     4.043
  190500     3.946
  190600     3.856
  190700     4.152
  190800     4.022
  190900     3.996
  191000     4.123
  191100     4.029
  191200     4.024
  191300     4.034
  191400     4.121
  191500     4.149
  191600     4.076
  191700     3.924
  191800     4.067
  191900     4.049
  192000     3.921
  192100     4.187
  192200     3.983
  192300     4.114
  192400     3.878
  192500     3.924
  192600     3.753
  192700     3.870
  192800     3.934
  192900     3.933
  193000     3.838
  193100     3.822
  193200     3.861
  193300     3.970
  193400     3.769
  193500     3.789
  193600     3.887
  193700     3.891
  193800     3.919
  193900     3.916
  194000     3.951
  194100     3.930
  194200     4.145
  194300     4.115
  194400     3.937
  194500     3.916
  194600     3.871
  194700     4.002
  194800     3.912
  194900     4.264
  195000     4.102
  195100     4.080
  195200     3.986
  195300     3.921
  195400     3.980
  195500     3.848
  195600     3.902
  195700     3.913
  195800     3.651
  195900     3.850
  196000     4.115
  196100     4.191
  196200     4.088
  196300     3.905
  196400     3.911
  196500     3.934
  196600     4.050
  196700     3.985
  196800     3.900
  196900     4.116
  197000     4.137
  197100     4.035
  197200     3.978
  197300     4.038
  197400     3.958
  197500     3.996
  197600     3.969
  197700     3.823
  197800     3.963
  197900     3.962
  198000     3.923
  198100     3.946
  198200     3.909
  198300     3.901
  198400     3.912
  198500     3.983
  198600     4.074
  198700     3.904
  198800     3.978
  198900     3.940
  199000     4.010
  199100     3.925
  199200     3.975
  199300     3.908
  199400     3.877
  199500     3.831
  199600     4.018
  199700     3.936
  199800     3.911
  199900     3.828
  200000     4.051
  200100     3.774
  200200     3.808
  200300     3.654
  200400     3.812
  200500     3.853
  200600     3.850
  200700     3.884
  200800     3.984
  200900     3.960
  201000     3.782
  201100     3.934
  201200     3.926
  201300     3.897
  201400     3.785
  201500     3.746
  201600     3.791
  201700     3.844
  201800     3.766
  201900     3.850
  202000     3.823
  202100     3.829
  202200     3.898
  202300     3.907
  202400     3.889
  202500     4.043
  202600     4.046
  202700     3.882
  202800     3.976
  202900     4.064
  203000     3.939
  203100     4.031
  203200     4.045
  203300     4.006
  203400     3.868
  203500     4.073
  203600     3.822
  203700     3.972
  203800     3.771
  203900     3.948
  204000     3.746
  204100     4.027
  204200     3.920
  204300     3.820
  204400     3.915
  204500     3.923
  204600     3.840
  204700     3.654
  204800     3.844
  204900     3.814
  205000     3.652
  205100     3.710
  205200     3.753
  205300     3.740
  205400     3.841
  205500     3.866
  205600     3.765
  205700     3.831
  205800     3.879
  205900     3.979
  206000     4.030
  206100     4.005
  206200     3.865
  206300     3.875
  206400     3.833
  206500     3.998
  206600     3.881
  206700     3.812
  206800     3.719
  206900     3.688
  207000     3.789
  207100     3.826
  207200     4.073
  207300     4.053
  207400     3.988
  207500     3.958
  207600     4.194
  207700     4.122
  207800     3.870
  207900     4.009
  208000     3.908
  208100     3.993
  208200     4.018
  208300     3.928
  208400     3.919
  208500     3.882
  208600     3.821
  208700     4.018
  208800     4.053
  208900     4.029
  209000     3.944
  209100     3.896
  209200     3.886
  209300     3.814
  209400     4.048
  209500     4.151
  209600     4.178
  209700     4.232
  209800     4.166
  209900     4.003
  210000     3.905
  210100     4.124
  210200     4.035
  210300     3.882
  210400     4.109
  210500     4.139
  210600     4.163
  210700     4.087
  210800     4.102
  210900     4.134
  211000     4.285
  211100     4.161
  211200     4.086
  211300     4.052
  211400     4.128
  211500     4.043
  211600     3.993
  211700     3.975
  211800     3.977
  211900     4.055
  212000     3.884
  212100     3.882
  212200     4.093
  212300     3.931
  212400     4.126
  212500     4.138
  212600     4.121
  212700     4.055
  212800     4.100
  212900     4.028
  213000     4.189
  213100     4.076
  213200     4.043
  213300     4.093
  213400     4.042
  213500     4.139
  213600     4.101
  213700     4.120
  213800     3.966
  213900     4.087
  214000     4.131
  214100     4.244
  214200     4.195
  214300     3.996
  214400     3.881
  214500     3.823
  214600     3.961
  214700     4.050
  214800     3.841
  214900     3.918
  215000     3.956
  215100     3.633
  215200     3.960
  215300     4.161
  215400     3.829
  215500     3.915
  215600     3.813
  215700     3.971
  215800     4.034
  215900     4.133
  216000     3.933
  216100     3.812
  216200     3.872
  216300     4.020
  216400     3.893
  216500     3.803
  216600     3.820
  216700     4.104
  216800     3.841
  216900     3.855
  217000     4.037
  217100     3.969
  217200     3.936
  217300     4.063
  217400     4.198
  217500     4.026
  217600     3.932
  217700     4.052
  217800     3.992
  217900     3.871
  218000     3.908
  218100     3.994
  218200     4.088
  218300     4.116
  218400     4.080
  218500     4.126
  218600     3.952
  218700     3.993
  218800     3.853
  218900     4.016
  219000     3.974
  219100     3.985
  219200     4.104
  219300     4.233
  219400     4.180
  219500     4.185
  219600     4.233
  219700     3.992
  219800     3.961
  219900     4.131
  220000     4.101
  220100     3.992
  220200     3.861
  220300     3.965
  220400     3.767
  220500     3.901
  220600     3.914
  220700     3.906
  220800     3.972
  220900     3.860
  221000     4.071
  221100     4.094
  221200     4.118
  221300     4.170
  221400     4.138
  221500     4.171
  221600     4.179
  221700     4.080
  221800     3.813
  221900     3.950
  222000     3.868
  222100     3.874
  222200     3.887
  222300     3.881
  222400     3.861
  222500     3.985
  222600     3.809
  222700     3.874
  222800     3.996
  222900     4.097
  223000     3.910
  223100     3.818
  223200     3.814
  223300     3.941
  223400     3.783
  223500     3.976
  223600     3.978
  223700     4.007
  223800     4.064
  223900     3.936
  224000     3.918
  224100     4.018
  224200     3.938
  224300     3.932
  224400     4.089
  224500     3.910
  224600     3.926
  224700     4.062
  224800     3.999
  224900     4.027
  225000     4.081
  225100     4.212
  225200     4.234
  225300     4.232
  225400     3.865
  225500     3.844
  225600     4.020
  225700     3.858
  225800     3.899
  225900     3.852
  226000     3.956
  226100     3.938
  226200     3.959
  226300     4.161
  226400     4.030
  226500     4.024
  226600     4.042
  226700     4.053
  226800     4.080
  226900     3.886
  227000     3.915
  227100     3.849
  227200     3.739
  227300     3.933
  227400     3.767
  227500     3.857
  227600     3.923
  227700     3.847
  227800     3.730
  227900     3.806
  228000     3.947
  228100     4.059
  228200     3.937
  228300     3.998
  228400     3.872
  228500     3.813
  228600     3.741
  228700     3.957
  228800     3.760
  228900     3.842
  229000     4.054
  229100     3.889
  229200     3.872
  229300     3.875
  229400     3.758
  229500     3.934
  229600     3.872
  229700     3.955
  229800     4.038
  229900     3.995
  230000     3.892
  230100     3.864
  230200     3.888
  230300     3.954
  230400     3.915
  230500     3.972
  230600     4.197
  230700     4.138
  230800     4.035
  230900     4.048
  231000     4.114
  231100     3.968
  231200     4.006
  231300     3.994
  231400     3.867
  231500     3.875
  231600     3.745
  231700     3.941
  231800     4.006
  231900     3.995
  232000     3.777
  232100     3.989
  232200     4.201
  232300     3.945
  232400     3.937
  232500     3.836
  232600     3.942
  232700     3.827
  232800     3.887
  232900     4.005
  233000     4.009
  233100     3.879
  233200     4.187
  233300     3.886
  233400     3.957
  233500     4.084
  233600     4.061
  233700     3.981
  233800     3.931
  233900     3.949
  234000     3.812
  234100     3.789
  234200     3.825
  234300     3.989
  234400     3.898
  234500     3.833
  234600     4.007
  234700     3.803
  234800     3.866
  234900     3.903
  235000     4.018
  235100     3.974
  235200     3.914
  235300     3.849
  235400     3.937
  235500     4.048
  235600     3.958
  235700     4.035
  235800     4.113
  235900     3.993
  236000     3.840
  236100     3.983
  236200     3.794
  236300     3.873
  236400     3.946
  236500     3.906
  236600     4.023
  236700     4.124
  236800     4.229
  236900     4.184
  237000     3.984
  237100     3.933
  237200     4.090
  237300     4.124
  237400     3.897
  237500     3.884
  237600     3.895
  237700     4.007
  237800     4.113
  237900     4.084
  238000     3.948
  238100     4.093
  238200     3.878
  238300     3.731
  238400     3.820
  238500     3.894
  238600     4.047
  238700     4.015
  238800     4.007
  238900     3.764
  239000     3.790
  239100     3.760
  239200     4.006
  239300     3.861
  239400     4.142
  239500     3.819
  239600     3.907
  239700     3.694
  239800     3.927
  239900     4.017
  240000     3.938
  240100     3.668
  240200     3.894
  240300     3.747
  240400     3.674
  240500     3.854
  240600     4.008
  240700     3.885
  240800     3.927
  240900     4.100
  241000     3.925
  241100     3.839
  241200     3.925
  241300     3.799
  241400     4.160
  241500     4.038
  241600     3.981
  241700     3.940
  241800     4.105
  241900     4.056
  242000     3.871
  242100     4.013
  242200     4.000
  242300     4.008
  242400     4.064
  242500     4.010
  242600     4.057
  242700     4.058
  242800     4.119
  242900     4.045
  243000     4.002
  243100     3.935
  243200     3.836
  243300     4.061
  243400     3.922
  243500     3.978
  243600     3.908
  243700     4.140
  243800     3.861
  243900     3.826
  244000     3.930
  244100     4.040
  244200     3.848
  244300     3.875
  244400     3.845
  244500     3.894
  244600     3.903
  244700     3.953
  244800     3.914
  244900     3.991
  245000     3.887
  245100     4.022
  245200     3.815
  245300     3.875
  245400     4.008
  245500     4.049
  245600     3.944
  245700     3.995
  245800     3.986
  245900     4.050
  246000     3.868
  246100     3.874
  246200     3.883
  246300     4.003
  246400     3.936
  246500     4.101
  246600     4.094
  246700     3.823
  246800     3.736
  246900     3.893
  247000     3.755
  247100     3.981
  247200     3.721
  247300     3.822
  247400     3.798
  247500     3.864
  247600     4.146
  247700     4.042
  247800     4.032
  247900     3.930
  248000     3.973
  248100     3.768
  248200     3.694
  248300     3.791
  248400     4.124
  248500     3.952
  248600     3.823
  248700     3.796
  248800     3.859
  248900     3.863
  249000     3.980
  249100     3.766
  249200     3.920
  249300     3.931
  249400     3.914
  249500     4.068
  249600     3.982
  249700     3.798
  249800     3.973
  249900     4.018
  250000     3.942
  250100     3.916
  250200     3.890
  250300     3.850
  250400     3.800
  250500     3.867
  250600     3.885
  250700     3.845
  250800     4.006
  250900     3.877
  251000     3.787
  251100     3.942
  251200     3.768
  251300     4.113
  251400     4.125
  251500     4.000
  251600     3.894
  251700     3.957
  251800     4.074
  251900     3.889
  252000     3.763
  252100     3.755
  252200     3.870
  252300     3.933
  252400     3.860
  252500     3.722
  252600     3.817
  252700     3.898
  252800     3.815
  252900     4.107
  253000     3.832
  253100     3.718
  253200     3.904
  253300     3.938
  253400     3.851
  253500     4.094
  253600     4.089
  253700     3.999
  253800     3.945
  253900     3.889
  254000     3.842
  254100     3.880
  254200     3.945
  254300     4.059
  254400     3.807
  254500     3.910
  254600     4.148
  254700     3.951
  254800     3.906
  254900     3.922
  255000     3.955
  255100     3.941
  255200     3.913
  255300     3.973
  255400     3.877
  255500     3.873
  255600     3.821
  255700     3.808
  255800     3.896
  255900     3.885
  256000     3.879
  256100     3.858
  256200     3.889
  256300     4.004
  256400     4.079
  256500     4.145
  256600     3.871
  256700     3.666
  256800     3.826
  256900     3.858
  257000     3.806
  257100     3.702
  257200     3.695
  257300     3.891
  257400     3.975
  257500     4.070
  257600     3.970
  257700     3.725
  257800     3.613
  257900     3.853
  258000     3.865
  258100     3.914
  258200     4.218
  258300     3.888
  258400     4.036
  258500     3.837
  258600     3.833
  258700     3.771
  258800     3.985
  258900     3.928
  259000     3.878
  259100     3.976
  259200     3.829
  259300     3.714
  259400     3.780
  259500     3.682
  259600     3.893
  259700     3.837
  259800     3.898
  259900     3.925
  260000     3.948
  260100     3.847
  260200     3.844
  260300     3.925
  260400     3.930
  260500     4.129
  260600     3.768
  260700     3.975
  260800     3.985
  260900     3.801
  261000     3.687
  261100     3.784
  261200     3.731
  261300     3.789
  261400     3.965
  261500     4.037
  261600     3.972
  261700     3.906
  261800     3.962
  261900     3.777
  262000     4.023
  262100     3.899
  262200     3.826
  262300     4.074
  262400     3.905
  262500     4.023
  262600     3.878
  262700     3.808
  262800     3.859
  262900     3.798
  263000     3.675
  263100     3.812
  263200     3.786
  263300     3.707
  263400     3.739
  263500     3.714
  263600     3.956
  263700     3.927
  263800     3.974
  263900     3.902
  264000     3.837
  264100     3.786
  264200     3.750
  264300     3.711
  264400     3.887
  264500     4.009
  264600     4.053
  264700     4.048
  264800     4.173
  264900     4.123
  265000     3.993
  265100     3.959
  265200     3.967
  265300     4.049
  265400     3.721
  265500     3.814
  265600     3.852
  265700     3.839
  265800     3.657
  265900     3.880
  266000     3.780
  266100     3.839
  266200     3.880
  266300     3.799
  266400     3.807
  266500     3.625
  266600     3.741
  266700     3.769
  266800     3.746
  266900     3.668
  267000     3.816
  267100     3.622
  267200     3.745
  267300     3.699
  267400     3.772
  267500     3.718
  267600     3.796
  267700     3.786
  267800     3.830
  267900     3.795
  268000     3.981
  268100     3.991
  268200     4.023
  268300     3.771
  268400     3.752
  268500     3.689
  268600     3.890
  268700     3.698
  268800     3.712
  268900     3.904
  269000     3.802
  269100     3.663
  269200     3.828
  269300     3.719
  269400     3.757
  269500     3.744
  269600     3.666
  269700     3.757
  269800     4.088
  269900     3.936
  270000     3.758
  270100     3.780
  270200     3.867
  270300     3.722
  270400     3.745
  270500     3.826
  270600     3.879
  270700     3.819
  270800     4.094
  270900     4.123
  271000     4.040
  271100     4.164
  271200     3.918
  271300     3.944
  271400     4.014
  271500     3.941
  271600     3.703
  271700     3.883
  271800     3.715
  271900     3.716
  272000     3.702
  272100     3.712
  272200     3.689
  272300     3.930
  272400     3.650
  272500     3.841
  272600     3.752
  272700     3.863
  272800     3.592
  272900     3.700
  273000     3.718
  273100     3.653
  273200     3.775
  273300     3.675
  273400     3.682
  273500     3.795
  273600     3.578
  273700     3.631
  273800     3.717
  273900     3.756
  274000     3.720
  274100     3.906
  274200     3.763
  274300     3.800
  274400     3.865
  274500     3.938
  274600     4.040
  274700     3.816
  274800     3.839
  274900     3.921
  275000     3.976
  275100     3.960
  275200     3.897
  275300     3.844
  275400     3.860
  275500     3.820
  275600     3.861
  275700     3.588
  275800     3.761
  275900     3.630
  276000     3.880
  276100     3.873
  276200     3.887
  276300     3.964
  276400     3.956
  276500     4.038
  276600     3.977
  276700     4.043
  276800     3.980
  276900     3.823
  277000     3.822
  277100     4.063
  277200     4.027
  277300     3.787
  277400     3.804
  277500     3.985
  277600     3.901
  277700     3.718
  277800     3.795
  277900     3.837
  278000     3.742
  278100     3.819
  278200     3.701
  278300     3.787
  278400     3.674
  278500     3.814
  278600     3.828
  278700     3.847
  278800     3.849
  278900     3.832
  279000     3.742
  279100     3.682
  279200     3.870
  279300     3.873
  279400     3.981
  279500     3.935
  279600     3.855
  279700     4.074
  279800     3.951
  279900     3.898
  280000     3.835
  280100     4.192
  280200     3.865
  280300     3.751
  280400     3.849
  280500     3.842
  280600     3.791
  280700     3.883
  280800     4.114
  280900     4.080
  281000     4.034
  281100     4.245
  281200     3.963
  281300     3.821
  281400     3.998
  281500     3.928
  281600     4.011
  281700     4.146
  281800     4.051
  281900     4.135
  282000     4.027
  282100     3.855
  282200     3.798
  282300     4.010
  282400     4.096
  282500     4.136
  282600     3.902
  282700     4.165
  282800     4.012
  282900     4.009
  283000     3.831
  283100     3.857
  283200     4.009
  283300     3.991
  283400     3.854
  283500     3.932
  283600     3.770
  283700     3.938
  283800     3.814
  283900     3.920
  284000     3.937
  284100     3.936
  284200     3.916
  284300     3.986
  284400     3.752
  284500     3.798
  284600     3.884
  284700     3.892
  284800     3.773
  284900     3.834
  285000     3.723
  285100     3.833
  285200     3.872
  285300     3.802
  285400     4.069
  285500     4.046
  285600     4.057
  285700     4.011
  285800     4.040
  285900     4.004
  286000     3.742
  286100     3.814
  286200     3.934
  286300     3.772
  286400     3.862
  286500     3.783
  286600     3.987
  286700     3.891
  286800     3.698
  286900     3.892
  287000     3.838
  287100     4.047
  287200     3.888
  287300     3.935
  287400     3.972
  287500     3.818
  287600     3.763
  287700     3.652
  287800     3.627
  287900     3.666
  288000     3.545
  288100     3.797
  288200     3.945
  288300     4.023
  288400     4.195
  288500     3.891
  288600     3.815
  288700     3.852
  288800     3.883
  288900     3.852
  289000     3.907
  289100     3.787
  289200     3.682
  289300     3.885
  289400     4.014
  289500     3.997
  289600     4.050
  289700     3.948
  289800     3.897
  289900     4.128
  290000     4.104
  290100     4.275
  290200     4.045
  290300     4.041
  290400     3.943
  290500     3.920
  290600     4.014
  290700     4.151
  290800     3.987
  290900     3.921
  291000     3.944
  291100     3.995
  291200     4.129
  291300     4.084
  291400     4.124
  291500     4.059
  291600     3.790
  291700     3.691
  291800     3.848
  291900     3.835
  292000     3.873
  292100     3.942
  292200     3.979
  292300     3.860
  292400     3.846
  292500     3.769
  292600     3.785
  292700     3.749
  292800     4.117
  292900     4.145
  293000     3.902
  293100     3.866
  293200     4.057
  293300     3.990
  293400     4.289
  293500     4.103
  293600     3.978
  293700     4.000
  293800     3.836
  293900     3.923
  294000     3.899
  294100     3.912
  294200     3.955
  294300     3.817
  294400     3.919
  294500     4.090
  294600     3.938
  294700     4.015
  294800     3.935
  294900     3.940
  295000     3.911
  295100     3.836
  295200     3.812
  295300     3.906
  295400     3.850
  295500     3.717
  295600     4.034
  295700     3.960
  295800     4.029
  295900     4.039
  296000     3.855
  296100     3.796
  296200     3.809
  296300     3.797
  296400     3.914
  296500     3.843
  296600     3.929
  296700     3.831
  296800     3.894
  296900     3.720
  297000     3.845
  297100     3.920
  297200     3.834
  297300     3.787
  297400     3.933
  297500     3.872
  297600     3.765
  297700     3.791
  297800     3.818
  297900     3.983
  298000     3.765
  298100     3.882
  298200     3.709
  298300     3.720
  298400     3.851
  298500     3.878
  298600     4.071
  298700     3.891
  298800     3.755
  298900     3.890
  299000     3.876
  299100     3.972
  299200     3.879
  299300     4.095
  299400     4.094
  299500     4.111
  299600     4.055
  299700     3.884
  299800     3.780
  299900     3.780
  300000     3.892
  300100     3.615
  300200     3.884
  300300     3.772
  300400     3.788
  300500     3.889
  300600     3.755
  300700     3.828
  300800     3.852
  300900     3.781
  301000     3.873
  301100     3.768
  301200     3.690
  301300     3.815
  301400     3.822
  301500     3.853
  301600     3.819
  301700     3.954
  301800     4.082
  301900     4.076
  302000     3.958
  302100     4.016
  302200     4.192
  302300     4.045
  302400     3.864
  302500     3.728
  302600     3.748
  302700     4.018
  302800     4.026
  302900     4.005
  303000     4.022
  303100     4.163
  303200     4.174
  303300     4.033
  303400     4.014
  303500     4.174
  303600     4.061
  303700     3.928
  303800     4.015
  303900     4.104
  304000     3.902
  304100     3.876
  304200     3.891
  304300     4.064
  304400     3.937
  304500     3.945
  304600     3.977
  304700     3.837
  304800     3.892
  304900     3.964
  305000     3.926
  305100     3.900
  305200     3.910
  305300     3.989
  305400     3.867
  305500     4.141
  305600     4.136
  305700     4.064
  305800     3.920
  305900     4.039
  306000     3.979
  306100     4.020
  306200     4.020
  306300     3.878
  306400     3.912
  306500     4.011
  306600     3.961
  306700     4.144
  306800     4.059
  306900     3.951
  307000     4.039
  307100     3.886
  307200     4.100
  307300     4.143
  307400     4.180
  307500     4.110
  307600     3.831
  307700     4.076
  307800     4.076
  307900     3.918
  308000     3.856
  308100     3.782
  308200     3.906
  308300     3.931
  308400     3.745
  308500     3.823
  308600     3.915
  308700     3.713
  308800     3.836
  308900     3.943
  309000     3.668
  309100     3.917
  309200     3.911
  309300     4.062
  309400     3.747
  309500     3.825
  309600     4.120
  309700     3.735
  309800     3.763
  309900     3.854
  310000     3.857
  310100     3.777
  310200     4.045
  310300     3.813
  310400     3.702
  310500     3.852
  310600     3.897
  310700     3.795
  310800     3.841
  310900     3.730
  311000     3.697
  311100     4.023
  311200     3.840
  311300     3.930
  311400     3.843
  311500     3.707
  311600     3.761
  311700     3.683
  311800     3.717
  311900     3.767
  312000     3.669
  312100     3.750
  312200     3.642
  312300     3.806
  312400     3.959
  312500     3.885
  312600     3.965
  312700     3.927
  312800     3.766
  312900     3.757
  313000     4.046
  313100     4.071
  313200     3.862
  313300     4.068
  313400     4.041
  313500     3.929
  313600     3.959
  313700     3.981
  313800     3.920
  313900     3.817
  314000     4.061
  314100     4.012
  314200     3.965
  314300     3.949
  314400     3.962
  314500     3.928
  314600     3.966
  314700     4.041
  314800     3.827
  314900     3.908
  315000     3.873
  315100     3.949
  315200     3.875
  315300     3.838
  315400     3.866
  315500     3.836
  315600     3.943
  315700     4.149
  315800     3.999
  315900     3.930
  316000     3.985
  316100     3.917
  316200     4.068
  316300     4.006
  316400     4.203
  316500     3.888
  316600     3.920
  316700     4.143
  316800     4.111
  316900     3.863
  317000     4.005
  317100     3.974
  317200     3.984
  317300     3.982
  317400     4.085
  317500     3.899
  317600     3.889
  317700     3.870
  317800     3.928
  317900     3.825
  318000     3.954
  318100     4.004
  318200     3.870
  318300     3.963
  318400     3.823
  318500     3.892
  318600     3.800
  318700     3.896
  318800     3.984
  318900     4.068
  319000     3.704
  319100     3.832
  319200     3.747
  319300     3.857
  319400     3.822
  319500     3.683
  319600     3.826
  319700     3.919
  319800     3.614
  319900     3.896
  320000     3.942
  320100     3.664
  320200     3.788
  320300     3.756
  320400     3.753
  320500     3.709
  320600     3.787
  320700     3.745
  320800     3.825
  320900     3.869
  321000     3.988
  321100     3.732
  321200     3.979
  321300     3.747
  321400     3.685
  321500     3.796
  321600     3.775
  321700     3.742
  321800     3.809
  321900     3.788
  322000     3.667
  322100     3.848
  322200     4.028
  322300     3.927
  322400     4.039
  322500     3.775
  322600     3.867
  322700     3.776
  322800     3.753
  322900     3.803
  323000     3.836
  323100     3.466
  323200     3.762
  323300     3.751
  323400     3.915
  323500     3.927
  323600     4.016
  323700     3.975
  323800     3.825
  323900     3.867
  324000     4.021
  324100     3.904
  324200     3.592
  324300     3.634
  324400     3.605
  324500     3.755
  324600     3.856
  324700     3.832
  324800     3.832
  324900     3.702
  325000     3.670
  325100     3.673
  325200     3.644
  325300     3.738
  325400     3.614
  325500     3.880
  325600     3.719
  325700     3.540
  325800     3.814
  325900     3.641
  326000     4.014
  326100     3.872
  326200     3.803
  326300     3.726
  326400     3.777
  326500     3.719
  326600     3.949
  326700     3.826
  326800     3.743
  326900     3.817
  327000     3.844
  327100     3.914
  327200     3.983
  327300     3.871
  327400     3.906
  327500     3.817
  327600     3.760
  327700     3.757
  327800     3.822
  327900     3.769
  328000     3.779
  328100     3.934
  328200     3.961
  328300     3.883
  328400     3.807
  328500     4.035
  328600     3.860
  328700     3.789
  328800     3.791
  328900     3.857
  329000     4.049
  329100     4.011
  329200     3.878
  329300     3.854
  329400     3.847
  329500     3.784
  329600     3.775
  329700     3.920
  329800     4.007
  329900     3.844
  330000     4.242
  330100     3.996
  330200     4.023
  330300     3.888
  330400     3.818
  330500     3.838
  330600     3.848
  330700     3.892
  330800     3.959
  330900     3.783
  331000     3.848
  331100     3.883
  331200     3.993
  331300     3.873
  331400     3.916
  331500     3.764
  331600     3.748
  331700     3.939
  331800     3.888
  331900     3.957
  332000     3.886
  332100     4.052
  332200     4.070
  332300     4.151
  332400     4.039
  332500     3.930
  332600     3.810
  332700     3.771
  332800     3.886
  332900     4.014
  333000     4.215
  333100     3.914
  333200     4.114
  333300     4.054
  333400     3.978
  333500     3.885
  333600     3.891
  333700     3.890
  333800     3.780
  333900     3.802
  334000     3.701
  334100     3.941
  334200     3.969
  334300     3.783
  334400     4.104
  334500     3.769
  334600     3.787
  334700     3.937
  334800     3.921
  334900     3.981
  335000     3.909
  335100     4.000
  335200     3.924
  335300     3.949
  335400     3.803
  335500     3.987
  335600     3.912
  335700     3.883
  335800     3.760
  335900     4.004
  336000     4.009
  336100     3.827
  336200     3.681
  336300     3.724
  336400     3.941
  336500     3.652
  336600     3.583
  336700     3.613
  336800     3.823
  336900     3.710
  337000     3.727
  337100     3.845
  337200     3.803
  337300     3.740
  337400     3.689
  337500     3.742
  337600     3.964
  337700     3.826
  337800     3.906
  337900     3.770
  338000     3.708
  338100     3.910
  338200     3.625
  338300     3.717
  338400     3.911
  338500     4.115
  338600     3.900
  338700     4.033
  338800     4.104
  338900     4.029
  339000     4.000
  339100     3.993
  339200     3.960
  339300     3.952
  339400     3.956
  339500     3.975
  339600     4.025
  339700     4.065
  339800     3.944
  339900     4.045
  340000     4.071
  340100     4.022
  340200     3.869
  340300     3.919
  340400     4.010
  340500     3.978
  340600     3.857
  340700     3.993
  340800     4.219
  340900     4.122
  341000     4.006
  341100     3.941
  341200     3.871
  341300     3.736
  341400     3.559
  341500     3.880
  341600     3.668
  341700     3.781
  341800     3.702
  341900     3.775
  342000     3.835
  342100     3.752
  342200     3.901
  342300     3.829
  342400     3.882
  342500     3.717
  342600     3.841
  342700     3.857
  342800     3.833
  342900     3.959
  343000     3.808
  343100     3.865
  343200     3.971
  343300     3.951
  343400     3.898
  343500     3.859
  343600     3.781
  343700     3.884
  343800     3.771
  343900     3.854
  344000     3.890
  344100     3.882
  344200     3.729
  344300     3.854
  344400     3.951
  344500     3.769
  344600     3.823
  344700     3.810
  344800     4.031
  344900     3.885
  345000     3.954
  345100     3.920
  345200     4.066
  345300     4.023
  345400     4.077
  345500     3.868
  345600     4.150
  345700     4.131
  345800     3.988
  345900     4.131
  346000     3.739
  346100     3.875
  346200     3.640
  346300     3.898
  346400     3.617
  346500     3.878
  346600     3.891
  346700     3.841
  346800     4.130
  346900     3.906
  347000     3.943
  347100     4.032
  347200     3.994
  347300     3.942
  347400     4.010
  347500     3.890
  347600     3.967
  347700     3.908
  347800     3.909
  347900     3.795
  348000     3.845
  348100     3.703
  348200     3.989
  348300     4.068
  348400     3.971
  348500     3.831
  348600     3.863
  348700     3.952
  348800     3.923
  348900     3.915
  349000     4.066
  349100     3.839
  349200     3.791
  349300     3.873
  349400     4.023
  349500     3.786
  349600     3.907
  349700     3.705
  349800     4.003
  349900     3.737
  350000     3.838
  350100     3.842
  350200     3.779
  350300     3.783
  350400     4.068
  350500     3.802
  350600     3.976
  350700     3.975
  350800     3.881
  350900     3.903
  351000     3.892
  351100     3.813
  351200     3.767
  351300     3.773
  351400     3.761
  351500     3.795
  351600     3.972
  351700     3.957
  351800     3.824
  351900     4.070
  352000     3.767
  352100     3.738
  352200     3.762
  352300     3.675
  352400     3.814
  352500     3.668
  352600     3.946
  352700     3.844
  352800     3.571
  352900     3.868
  353000     3.745
  353100     3.888
  353200     3.863
  353300     3.968
  353400     3.625
  353500     3.953
  353600     3.940
  353700     3.962
  353800     3.734
  353900     3.602
  354000     3.818
  354100     3.914
  354200     3.867
  354300     3.770
  354400     3.842
  354500     3.785
  354600     3.787
  354700     4.053
  354800     3.923
  354900     3.975
  355000     3.755
  355100     4.019
  355200     3.917
  355300     3.991
  355400     3.966
  355500     4.026
  355600     3.898
  355700     3.998
  355800     3.785
  355900     4.030
  356000     3.905
  356100     3.927
  356200     3.840
  356300     3.983
  356400     3.846
  356500     3.914
  356600     3.806
  356700     3.832
  356800     3.946
  356900     3.825
  357000     3.952
  357100     4.112
  357200     3.854
  357300     3.766
  357400     3.916
  357500     3.928
  357600     3.731
  357700     3.686
  357800     3.727
  357900     3.794
  358000     3.630
  358100     3.701
  358200     3.747
  358300     3.800
  358400     3.602
  358500     3.584
  358600     3.881
  358700     3.838
  358800     3.853
  358900     3.789
  359000     3.802
  359100     3.886
  359200     3.682
  359300     3.780
  359400     3.769
  359500     3.723
  359600     3.469
  359700     3.589
  359800     3.907
  359900     3.693
  360000     3.786
  360100     3.970
  360200     4.109
  360300     3.934
  360400     3.778
  360500     3.788
  360600     3.748
  360700     3.807
  360800     3.866
  360900     3.833
  361000     3.755
  361100     3.675
  361200     3.731
  361300     3.773
  361400     3.732
  361500     3.821
  361600     3.767
  361700     3.944
  361800     4.017
  361900     3.877
  362000     3.865
  362100     3.858
  362200     3.900
  362300     3.820
  362400     3.877
  362500     3.848
  362600     3.936
  362700     3.892
  362800     4.025
  362900     3.780
  363000     3.867
  363100     3.905
  363200     3.989
  363300     3.916
  363400     3.852
  363500     3.997
  363600     3.819
  363700     3.873
  363800     3.947
  363900     3.934
  364000     3.911
  364100     3.879
  364200     4.001
  364300     3.977
  364400     3.834
  364500     4.039
  364600     3.901
  364700     3.957
  364800     4.024
  364900     3.927
  365000     3.874
  365100     3.906
  365200     3.951
  365300     3.966
  365400     3.943
  365500     4.065
  365600     3.956
  365700     4.028
  365800     3.842
  365900     3.999
  366000     3.999
  366100     4.034
  366200     4.167
  366300     3.920
  366400     3.896
  366500     3.983
  366600     3.915
  366700     4.014
  366800     3.894
  366900     3.976
  367000     3.999
  367100     4.158
  367200     3.904
  367300     3.893
  367400     3.809
  367500     4.086
  367600     4.061
  367700     4.125
  367800     4.049
  367900     4.186
  368000     4.072
  368100     4.186
  368200     4.124
  368300     4.073
  368400     4.034
  368500     4.238
  368600     4.051
  368700     3.925
  368800     4.016
  368900     3.945
  369000     3.919
  369100     3.855
  369200     3.833
  369300     3.782
  369400     4.004
  369500     3.883
  369600     3.887
  369700     3.924
  369800     3.898
  369900     4.085
  370000     4.103
  370100     3.942
  370200     3.985
  370300     3.917
  370400     3.822
  370500     3.892
  370600     3.876
  370700     3.985
  370800     4.010
  370900     3.908
  371000     3.984
  371100     3.957
  371200     3.858
  371300     4.080
  371400     3.889
  371500     4.122
  371600     3.876
  371700     3.968
  371800     4.014
  371900     3.793
  372000     3.960
  372100     3.930
  372200     4.095
  372300     4.109
  372400     3.818
  372500     3.819
  372600     4.033
  372700     4.035
  372800     4.060
  372900     4.102
  373000     4.043
  373100     3.964
  373200     3.993
  373300     3.685
  373400     3.834
  373500     3.925
  373600     3.920
  373700     3.975
  373800     3.858
  373900     3.963
  374000     3.972
  374100     3.973
  374200     3.876
  374300     3.930
  374400     3.853
  374500     3.966
  374600     3.950
  374700     3.773
  374800     3.891
  374900     3.948
  375000     3.828
  375100     3.981
  375200     3.869
  375300     3.895
  375400     3.899
  375500     3.876
  375600     3.840
  375700     3.856
  375800     3.952
  375900     3.940
  376000     3.888
  376100     3.775
  376200     3.828
  376300     3.785
  376400     3.857
  376500     3.871
  376600     4.014
  376700     3.942
  376800     3.957
  376900     3.918
  377000     3.940
  377100     4.145
  377200     3.939
  377300     3.815
  377400     3.854
  377500     3.817
  377600     3.946
  377700     4.106
  377800     4.102
  377900     3.746
  378000     3.855
  378100     3.888
  378200     3.789
  378300     4.098
  378400     4.086
  378500     4.077
  378600     4.054
  378700     3.930
  378800     3.820
  378900     3.927
  379000     3.779
  379100     3.793
  379200     3.955
  379300     3.907
  379400     3.847
  379500     3.737
  379600     3.909
  379700     3.848
  379800     3.825
  379900     3.767
  380000     3.830
  380100     3.749
  380200     3.934
  380300     3.940
  380400     3.954
  380500     3.988
  380600     4.008
  380700     3.998
  380800     4.328
  380900     4.078
  381000     3.992
  381100     3.799
  381200     3.883
  381300     3.938
  381400     3.693
  381500     3.686
  381600     3.800
  381700     3.988
  381800     4.095
  381900     4.015
  382000     4.080
  382100     4.103
  382200     3.915
  382300     3.905
  382400     3.806
  382500     3.835
  382600     3.928
  382700     3.914
  382800     4.088
  382900     4.003
  383000     4.017
  383100     3.985
  383200     3.908
  383300     3.836
  383400     3.833
  383500     3.931
  383600     3.904
  383700     3.902
  383800     3.961
  383900     3.932
  384000     3.924
  384100     3.884
  384200     3.905
  384300     3.651
  384400     3.909
  384500     4.042
  384600     3.805
  384700     4.062
  384800     4.060
  384900     3.847
  385000     3.853
  385100     3.972
  385200     4.009
  385300     3.995
  385400     4.052
  385500     3.887
  385600     3.739
  385700     3.917
  385800     3.985
  385900     3.734
  386000     4.019
  386100     3.976
  386200     3.817
  386300     3.951
  386400     3.999
  386500     3.908
  386600     3.787
  386700     3.841
  386800     3.793
  386900     3.987
  387000     3.842
  387100     3.844
  387200     3.863
  387300     4.020
  387400     3.698
  387500     3.981
  387600     3.834
  387700     3.852
  387800     3.771
  387900     3.664
  388000     3.727
  388100     3.949
  388200     3.871
  388300     3.864
  388400     3.745
  388500     3.768
  388600     3.843
  388700     3.987
  388800     3.760
  388900     4.015
  389000     3.911
  389100     3.662
  389200     3.890
  389300     3.859
  389400     3.693
  389500     3.819
  389600     4.005
  389700     3.929
  389800     3.929
  389900     4.013
  390000     4.017
  390100     4.051
  390200     3.741
  390300     3.725
  390400     3.729
  390500     3.796
  390600     3.835
  390700     3.743
  390800     3.735
  390900     4.072
  391000     3.961
  391100     3.922
  391200     4.042
  391300     4.176
  391400     4.150
  391500     3.980
  391600     4.115
  391700     3.972
  391800     4.271
  391900     3.971
  392000     4.065
  392100     3.952
  392200     3.827
  392300     3.891
  392400     3.812
  392500     3.916
  392600     3.797
  392700     3.949
  392800     4.016
  392900     3.956
  393000     4.027
  393100     4.154
  393200     4.009
  393300     4.034
  393400     3.815
  393500     3.861
  393600     3.858
  393700     4.005
  393800     3.880
  393900     3.977
  394000     4.158
  394100     4.092
  394200     4.163
  394300     4.180
  394400     3.972
  394500     3.993
  394600     3.836
  394700     3.851
  394800     3.971
  394900     3.875
  395000     3.952
  395100     3.948
  395200     4.019
  395300     3.895
  395400     3.976
  395500     4.037
  395600     3.923
  395700     3.868
  395800     4.002
  395900     3.888
  396000     4.040
  396100     4.030
  396200     3.864
  396300     3.919
  396400     3.955
  396500     3.933
  396600     3.974
  396700     3.937
  396800     4.083
  396900     4.044
  397000     3.794
  397100     3.851
  397200     3.803
  397300     3.908
  397400     3.924
  397500     3.960
  397600     3.781
  397700     3.958
  397800     3.958
  397900     4.008
  398000     3.929
  398100     3.952
  398200     3.871
  398300     3.911
  398400     3.976
  398500     3.918
  398600     3.767
  398700     3.827
  398800     3.931
  398900     4.048
  399000     3.891
  399100     3.761
  399200     3.954
  399300     3.949
  399400     3.960
  399500     3.942
  399600     4.024
  399700     3.853
  399800     4.043
  399900     3.957
  400000     4.004
  400100     3.995
  400200     4.064
  400300     3.775
  400400     4.005
  400500     4.143
  400600     4.106
  400700     3.975
  400800     3.960
  400900     3.946
  401000     4.081
  401100     3.903
  401200     3.696
  401300     3.893
  401400     3.834
  401500     3.641
  401600     3.757
  401700     3.765
  401800     3.718
  401900     3.686
  402000     3.798
  402100     3.753
  402200     3.633
  402300     3.605
  402400     3.772
  402500     3.775
  402600     3.757
  402700     3.900
  402800     3.747
  402900     3.790
  403000     4.028
  403100     4.046
  403200     3.991
  403300     3.689
  403400     4.010
  403500     3.956
  403600     3.913
  403700     3.925
  403800     3.895
  403900     3.819
  404000     3.821
  404100     3.794
  404200     3.901
  404300     3.804
  404400     3.951
  404500     3.816
  404600     3.949
  404700     3.890
  404800     4.105
  404900     3.928
  405000     3.808
  405100     3.979
  405200     3.674
  405300     3.636
  405400     3.613
  405500     3.744
  405600     3.691
  405700     3.803
  405800     4.037
  405900     3.798
  406000     4.163
  406100     4.072
  406200     3.785
  406300     3.768
  406400     3.903
  406500     3.739
  406600     3.839
  406700     3.927
  406800     3.787
  406900     3.778
  407000     3.794
  407100     3.780
  407200     3.729
  407300     3.858
  407400     3.843
  407500     3.867
  407600     3.813
  407700     3.743
  407800     3.800
  407900     3.856
  408000     3.979
  408100     3.785
  408200     3.825
  408300     4.043
  408400     3.879
  408500     3.936
  408600     3.897
  408700     3.933
  408800     3.811
  408900     3.888
  409000     3.956
  409100     3.887
  409200     3.738
  409300     3.695
  409400     3.735
  409500     3.854
  409600     3.939
  409700     4.067
  409800     3.858
  409900     3.985
  410000     4.036
  410100     3.840
  410200     3.797
  410300     3.855
  410400     3.991
  410500     3.974
  410600     4.143
  410700     3.880
  410800     3.666
  410900     3.711
  411000     3.672
  411100     3.804
  411200     3.848
  411300     3.876
  411400     3.750
  411500     3.832
  411600     3.950
  411700     4.021
  411800     3.825
  411900     3.843
  412000     3.986
  412100     3.983
  412200     3.864
  412300     3.883
  412400     3.966
  412500     3.931
  412600     4.093
  412700     3.880
  412800     3.939
  412900     3.944
  413000     3.879
  413100     3.870
  413200     3.992
  413300     3.914
  413400     3.859
  413500     3.896
  413600     3.849
  413700     3.973
  413800     3.852
  413900     3.976
  414000     3.966
  414100     3.971
  414200     3.738
  414300     3.992
  414400     3.914
  414500     4.037
  414600     3.886
  414700     3.865
  414800     3.872
  414900     3.930
  415000     4.009
  415100     3.722
  415200     3.648
  415300     3.861
  415400     3.815
  415500     3.877
  415600     3.784
  415700     3.743
  415800     3.832
  415900     3.859
  416000     3.701
  416100     3.854
  416200     3.796
  416300     3.714
  416400     3.789
  416500     3.905
  416600     3.846
  416700     3.884
  416800     3.910
  416900     3.812
  417000     3.824
  417100     3.693
  417200     3.814
  417300     4.024
  417400     3.842
  417500     3.862
  417600     3.763
  417700     3.636
  417800     3.791
  417900     3.857
  418000     3.786
  418100     3.641
  418200     3.782
  418300     3.713
  418400     3.838
  418500     3.913
  418600     3.950
  418700     3.895
  418800     3.878
  418900     3.787
  419000     3.796
  419100     3.665
  419200     3.920
  419300     3.870
  419400     3.893
  419500     3.827
  419600     3.631
  419700     3.678
  419800     3.684
  419900     3.700
  420000     3.942
  420100     3.795
  420200     3.905
  420300     3.888
  420400     4.091
  420500     4.056
  420600     3.812
  420700     3.662
  420800     3.579
  420900     3.597
  421000     3.777
  421100     3.749
  421200     3.611
  421300     3.701
  421400     3.716
  421500     3.692
  421600     3.812
  421700     3.813
  421800     3.949
  421900     3.913
  422000     3.888
  422100     3.919
  422200     3.876
  422300     3.935
  422400     3.941
  422500     3.913
  422600     3.980
  422700     3.829
  422800     3.912
  422900     3.934
  423000     3.980
  423100     3.878
  423200     3.921
  423300     3.743
  423400     3.959
  423500     3.932
  423600     3.888
  423700     3.930
  423800     3.688
  423900     3.926
  424000     3.803
  424100     3.793
  424200     3.767
  424300     3.753
  424400     3.858
  424500     3.854
  424600     3.883
  424700     3.757
  424800     3.763
  424900     3.796
  425000     3.875
  425100     3.796
  425200     3.675
  425300     3.770
  425400     3.671
  425500     3.655
  425600     3.919
  425700     3.729
  425800     4.117
  425900     3.917
  426000     3.909
  426100     3.801
  426200     3.832
  426300     3.990
  426400     3.874
  426500     3.913
  426600     3.930
  426700     4.077
  426800     3.883
  426900     3.824
  427000     4.017
  427100     3.916
  427200     3.766
  427300     3.812
  427400     3.866
  427500     3.999
  427600     3.843
  427700     3.869
  427800     3.861
  427900     3.952
  428000     3.968
  428100     3.946
  428200     3.895
  428300     3.923
  428400     4.044
  428500     3.766
  428600     3.899
  428700     3.867
  428800     3.920
  428900     3.887
  429000     4.210
  429100     4.136
  429200     3.897
  429300     3.879
  429400     3.812
  429500     4.009
  429600     3.830
  429700     4.049
  429800     3.868
  429900     3.716
  430000     3.646
  430100     3.932
  430200     3.960
  430300     4.041
  430400     3.964
  430500     3.985
  430600     3.760
  430700     3.714
  430800     3.796
  430900     3.777
  431000     3.877
  431100     3.787
  431200     3.792
  431300     3.915
  431400     3.885
  431500     3.846
  431600     3.727
  431700     3.783
  431800     3.891
  431900     3.765
  432000     3.961
  432100     4.014
  432200     4.124
  432300     3.919
  432400     3.658
  432500     3.745
  432600     3.658
  432700     3.728
  432800     3.623
  432900     3.594
  433000     3.708
  433100     3.718
  433200     3.597
  433300     3.795
  433400     3.690
  433500     3.632
  433600     3.864
  433700     3.689
  433800     3.887
  433900     3.876
  434000     3.897
  434100     3.937
  434200     4.020
  434300     3.816
  434400     3.927
  434500     3.747
  434600     3.906
  434700     3.851
  434800     3.946
  434900     4.101
  435000     3.884
  435100     3.869
  435200     4.029
  435300     3.808
  435400     4.075
  435500     3.913
  435600     3.922
  435700     4.114
  435800     4.021
  435900     3.965
  436000     3.959
  436100     3.940
  436200     4.082
  436300     4.020
  436400     4.011
  436500     4.049
  436600     3.968
  436700     4.100
  436800     4.145
  436900     4.099
  437000     4.021
  437100     3.919
  437200     3.926
  437300     4.082
  437400     4.096
  437500     3.955
  437600     3.830
  437700     3.801
  437800     3.962
  437900     4.051
  438000     4.038
  438100     4.024
  438200     3.945
  438300     3.988
  438400     4.073
  438500     4.121
  438600     3.969
  438700     3.994
  438800     3.893
  438900     3.873
  439000     3.985
  439100     3.929
  439200     3.894
  439300     3.945
  439400     4.010
  439500     4.047
  439600     3.958
  439700     3.936
  439800     3.844
  439900     3.866
  440000     3.862
  440100     4.012
  440200     3.940
  440300     3.741
  440400     3.846
  440500     3.898
  440600     3.915
  440700     4.040
  440800     4.052
  440900     4.095
  441000     3.942
  441100     3.941
  441200     3.938
  441300     4.029
  441400     3.961
  441500     3.863
  441600     4.043
  441700     3.918
  441800     3.842
  441900     3.957
  442000     3.750
  442100     3.811
  442200     4.031
  442300     3.785
  442400     3.943
  442500     4.044
  442600     3.805
  442700     3.766
  442800     3.677
  442900     3.712
  443000     3.728
  443100     3.866
  443200     3.545
  443300     3.703
  443400     4.076
  443500     3.988
  443600     3.793
  443700     3.711
  443800     3.693
  443900     3.829
  444000     3.714
  444100     3.830
  444200     3.593
  444300     3.900
  444400     3.526
  444500     3.690
  444600     3.808
  444700     3.672
  444800     3.782
  444900     3.781
  445000     3.709
  445100     3.807
  445200     3.912
  445300     3.818
  445400     3.569
  445500     3.673
  445600     3.607
  445700     3.696
  445800     3.779
  445900     3.951
  446000     3.826
  446100     3.723
  446200     3.843
  446300     3.938
  446400     3.781
  446500     3.787
  446600     3.729
  446700     3.664
  446800     3.530
  446900     3.529
  447000     3.511
  447100     3.639
  447200     3.878
  447300     3.855
  447400     3.800
  447500     3.838
  447600     3.961
  447700     3.790
  447800     3.875
  447900     4.094
  448000     4.001
  448100     3.866
  448200     3.962
  448300     3.908
  448400     3.882
  448500     3.993
  448600     3.847
  448700     4.023
  448800     4.037
  448900     4.146
  449000     3.959
  449100     3.852
  449200     3.889
  449300     3.886
  449400     4.005
  449500     3.799
  449600     3.854
  449700     3.824
  449800     3.731
  449900     3.909
  450000     3.912
  450100     3.716
  450200     3.855
  450300     3.822
  450400     3.805
  450500     3.813
  450600     3.861
  450700     3.935
  450800     3.827
  450900     3.826
  451000     3.650
  451100     3.851
  451200     3.859
  451300     3.828
  451400     3.795
  451500     3.982
  451600     3.929
  451700     3.908
  451800     3.936
  451900     4.063
  452000     4.062
  452100     3.913
  452200     3.963
  452300     3.882
  452400     3.956
  452500     3.820
  452600     3.854
  452700     3.698
  452800     3.780
  452900     3.783
  453000     3.829
  453100     3.879
  453200     3.881
  453300     4.186
  453400     4.232
  453500     4.156
  453600     4.158
  453700     4.166
  453800     4.045
  453900     3.783
  454000     3.717
  454100     4.155
  454200     4.116
  454300     3.880
  454400     3.855
  454500     4.106
  454600     3.976
  454700     3.883
  454800     3.870
  454900     3.983
  455000     3.916
  455100     4.065
  455200     3.778
  455300     3.872
  455400     3.957
  455500     4.028
  455600     3.975
  455700     3.836
  455800     3.862
  455900     3.947
  456000     4.077
  456100     3.936
  456200     4.019
  456300     3.958
  456400     3.918
  456500     3.779
  456600     3.718
  456700     3.802
  456800     4.023
  456900     3.970
  457000     3.972
  457100     3.808
  457200     3.978
  457300     3.853
  457400     3.943
  457500     3.948
  457600     3.865
  457700     3.872
  457800     3.892
  457900     3.895
  458000     3.967
  458100     4.063
  458200     4.010
  458300     3.999
  458400     4.078
  458500     3.864
  458600     3.813
  458700     3.874
  458800     3.815
  458900     3.961
  459000     4.021
  459100     3.946
  459200     3.855
  459300     3.999
  459400     3.705
  459500     3.827
  459600     3.966
  459700     3.889
  459800     3.875
  459900     3.826
  460000     3.805
  460100     3.835
  460200     4.004
  460300     3.781
  460400     3.824
  460500     3.708
  460600     3.820
  460700     3.895
  460800     3.778
  460900     3.836
  461000     3.873
  461100     3.755
  461200     3.717
  461300     3.794
  461400     3.696
  461500     3.779
  461600     3.681
  461700     4.050
  461800     3.612
  461900     3.969
  462000     3.904
  462100     3.997
  462200     3.982
  462300     3.908
  462400     3.992
  462500     4.033
  462600     3.910
  462700     3.964
  462800     3.910
  462900     4.001
  463000     3.982
  463100     4.023
  463200     3.727
  463300     3.836
  463400     3.805
  463500     3.945
  463600     3.817
  463700     4.100
  463800     3.931
  463900     4.028
  464000     3.862
  464100     3.803
  464200     3.852
  464300     3.787
  464400     3.746
  464500     3.787
  464600     3.831
  464700     3.611
  464800     3.806
  464900     3.777
  465000     3.831
  465100     3.709
  465200     3.930
  465300     3.757
  465400     3.953
  465500     3.742
  465600     3.968
  465700     4.044
  465800     3.944
  465900     3.980
  466000     3.911
  466100     4.094
  466200     4.011
  466300     4.123
  466400     3.956
  466500     3.745
  466600     3.705
  466700     3.729
  466800     3.819
  466900     3.778
  467000     3.710
  467100     3.842
  467200     3.711
  467300     3.645
  467400     3.836
  467500     3.711
  467600     3.825
  467700     3.695
  467800     3.918
  467900     3.806
  468000     3.900
  468100     3.776
  468200     3.885
  468300     4.038
  468400     3.933
  468500     4.130
  468600     3.911
  468700     3.865
  468800     3.786
  468900     3.780
  469000     3.729
  469100     3.813
  469200     3.973
  469300     3.811
  469400     3.891
  469500     3.902
  469600     4.189
  469700     4.037
  469800     3.945
  469900     4.001
  470000     4.075
  470100     3.976
  470200     3.940
  470300     4.032
  470400     3.979
  470500     3.914
  470600     3.778
  470700     3.859
  470800     3.884
  470900     3.910
  471000     3.924
  471100     3.792
  471200     3.663
  471300     3.759
  471400     3.700
  471500     3.881
  471600     3.975
  471700     3.957
  471800     3.963
  471900     3.930
  472000     3.648
  472100     3.914
  472200     3.883
  472300     3.930
  472400     4.041
  472500     4.213
  472600     4.193
  472700     4.125
  472800     4.025
  472900     4.037
  473000     3.935
  473100     3.913
  473200     4.085
  473300     4.133
  473400     4.167
  473500     4.025
  473600     4.083
  473700     4.105
  473800     3.839
  473900     3.902
  474000     3.846
  474100     3.716
  474200     3.865
  474300     3.795
  474400     3.690
  474500     3.857
  474600     3.716
  474700     3.685
  474800     3.834
  474900     3.624
  475000     3.698
  475100     3.784
  475200     3.760
  475300     3.780
  475400     3.667
  475500     3.820
  475600     3.942
  475700     3.892
  475800     3.866
  475900     3.951
  476000     3.676
  476100     3.910
  476200     3.796
  476300     3.749
  476400     3.863
  476500     3.748
  476600     3.744
  476700     3.589
  476800     3.669
  476900     3.848
  477000     3.580
  477100     3.858
  477200     3.787
  477300     3.944
  477400     4.140
  477500     4.050
  477600     3.994
  477700     4.236
  477800     4.103
  477900     4.017
  478000     4.022
  478100     3.970
  478200     3.925
  478300     3.990
  478400     3.980
  478500     3.917
  478600     3.853
  478700     3.718
  478800     3.727
  478900     3.859
  479000     3.845
  479100     3.907
  479200     3.859
  479300     4.011
  479400     3.897
  479500     3.686
  479600     3.817
  479700     3.664
  479800     3.606
  479900     3.813
  480000     3.948
  480100     4.033
  480200     3.891
  480300     3.574
  480400     3.682
  480500     3.798
  480600     3.828
  480700     3.962
  480800     3.886
  480900     3.889
  481000     3.811
  481100     3.627
  481200     3.788
  481300     3.721
  481400     3.987
  481500     3.797
  481600     3.855
  481700     3.872
  481800     3.792
  481900     3.657
  482000     3.857
  482100     3.852
  482200     3.776
  482300     3.723
  482400     3.685
  482500     3.887
  482600     3.752
  482700     3.807
  482800     3.774
  482900     3.796
  483000     3.842
  483100     3.894
  483200     3.766
  483300     3.718
  483400     3.846
  483500     4.005
  483600     3.902
  483700     3.990
  483800     4.020
  483900     3.814
  484000     3.648
  484100     3.766
  484200     3.935
  484300     3.935
  484400     3.888
  484500     3.896
  484600     3.676
  484700     3.799
  484800     4.002
  484900     3.788
  485000     3.883
  485100     3.940
  485200     3.813
  485300     3.894
  485400     3.836
  485500     3.579
  485600     3.771
  485700     3.932
  485800     3.678
  485900     3.854
  486000     3.711
  486100     3.668
  486200     3.909
  486300     3.778
  486400     3.796
  486500     3.705
  486600     3.606
  486700     3.750
  486800     3.708
  486900     3.828
  487000     3.898
  487100     3.592
  487200     3.905
  487300     3.872
  487400     3.901
  487500     3.909
  487600     3.835
  487700     3.750
  487800     3.794
  487900     3.923
  488000     3.966
  488100     4.075
  488200     4.011
  488300     4.102
  488400     4.028
  488500     4.002
  488600     3.857
  488700     3.962
  488800     3.775
  488900     3.909
  489000     3.889
  489100     3.862
  489200     4.149
  489300     4.043
  489400     4.011
  489500     4.003
  489600     4.026
  489700     4.070
  489800     3.978
  489900     3.924
  490000     4.015
  490100     4.292
  490200     4.234
  490300     3.937
  490400     3.820
  490500     3.968
  490600     3.845
  490700     3.822
  490800     3.952
  490900     3.875
  491000     3.944
  491100     4.013
  491200     4.013
  491300     4.068
  491400     3.912
  491500     3.939
  491600     3.857
  491700     3.911
  491800     3.662
  491900     3.879
  492000     4.064
  492100     3.787
  492200     3.875
  492300     3.786
  492400     3.918
  492500     3.957
  492600     4.021
  492700     3.925
  492800     3.779
  492900     3.862
  493000     3.885
  493100     3.965
  493200     4.069
  493300     4.090
  493400     4.155
  493500     4.270
  493600     4.129
  493700     4.161
  493800     4.023
  493900     3.854
  494000     3.846
  494100     3.950
  494200     3.888
  494300     3.829
  494400     3.881
  494500     3.957
  494600     4.111
  494700     4.051
  494800     4.030
  494900     3.884
  495000     3.841
  495100     3.917
  495200     3.976
  495300     4.096
  495400     4.083
  495500     4.145
  495600     3.920
  495700     3.740
  495800     3.748
  495900     3.735
  496000     3.730
  496100     3.925
  496200     4.066
  496300     3.794
  496400     3.818
  496500     4.020
  496600     3.979
  496700     3.910
  496800     3.969
  496900     3.920
  497000     3.975
  497100     3.946
  497200     4.110
  497300     4.005
  497400     3.913
  497500     3.895
  497600     3.874
  497700     3.927
  497800     4.032
  497900     4.136
  498000     4.159
  498100     4.108
  498200     4.083
  498300     3.887
  498400     3.799
  498500     3.943
  498600     4.148
  498700     4.109
  498800     4.012
  498900     3.945
  499000     4.036
  499100     3.715
  499200     3.864
  499300     3.957
  499400     3.986
  499500     3.921
  499600     3.873
  499700     3.788
  499800     3.909
  499900     4.156
