       0    15.040
    1000    15.299
    2000    15.754
    3000    15.405
    4000    15.785
    5000    15.677
    6000    15.625
    7000    15.563
    8000    15.518
    9000    15.525
   10000    15.491
   11000    15.583
   12000    15.801
   13000    15.345
   14000    15.866
   15000    15.231
   16000    15.393
   17000    15.184
   18000    15.550
   19000    15.566
   20000    15.535
   21000    15.718
   22000    15.465
   23000    15.408
   24000    15.402
   25000    15.856
   26000    15.644
   27000    15.573
   28000    15.533
   29000    15.757
   30000    15.361
   31000    15.785
   32000    15.730
   33000    15.858
   34000    15.741
   35000    15.596
   36000    15.334
   37000    15.451
   38000    15.710
   39000    15.695
   40000    15.447
   41000    15.382
   42000    15.679
   43000    15.442
   44000    15.526
   45000    15.611
   46000    15.755
   47000    15.331
   48000    15.407
   49000    15.326
   50000    15.428
   51000    15.717
   52000    15.728
   53000    15.377
   54000    15.348
   55000    15.508
   56000    15.118
   57000    15.466
   58000    15.666
   59000    15.523
   60000    15.567
   61000    15.566
   62000    15.724
   63000    15.266
   64000    15.275
   65000    15.407
   66000    15.645
   67000    15.364
   68000    15.296
   69000    15.814
   70000    15.495
   71000    15.313
   72000    15.331
   73000    15.672
   74000    15.551
   75000    15.523
   76000    15.368
   77000    15.764
   78000    15.452
   79000    15.474
   80000    15.550
   81000    15.542
   82000    15.618
   83000    15.545
   84000    15.511
   85000    15.305
   86000    15.671
   87000    15.504
   88000    15.000
   89000    15.659
   90000    15.624
   91000    15.591
   92000    15.703
   93000    15.274
   94000    15.581
   95000    15.590
   96000    15.458
   97000    15.505
   98000    15.604
   99000    15.550
  100000    15.363
  101000    15.150
  102000    15.634
  103000    15.389
  104000    15.686
  105000    15.328
  106000    15.225
  107000    15.670
  108000    15.495
  109000    15.548
  110000    15.631
  111000    15.219
  112000    15.507
  113000    15.840
  114000    15.484
  115000    15.500
  116000    15.626
  117000    15.563
  118000    15.632
  119000    15.763
  120000    15.612
  121000    15.759
  122000    15.316
  123000    15.574
  124000    15.784
  125000    15.639
  126000    15.422
  127000    15.326
  128000    15.564
  129000    15.633
  130000    15.584
  131000    15.364
  132000    15.529
  133000    15.356
  134000    15.500
  135000    15.648
  136000    15.894
  137000    15.453
  138000    15.541
  139000    15.620
  140000    15.568
  141000    15.704
  142000    15.169
  143000    15.280
  144000    15.770
  145000    15.554
  146000    15.616
  147000    15.766
  148000    15.241
  149000    15.555
  150000    15.345
  151000    15.401
  152000    15.418
  153000    15.594
  154000    15.431
  155000    15.335
  156000    15.546
  157000    15.437
  158000    15.329
  159000    15.337
  160000    15.454
  161000    15.333
  162000    14.935
  163000    15.476
  164000    15.489
  165000    15.606
  166000    15.344
  167000    15.665
  168000    15.398
  169000    15.567
  170000    15.781
  171000    15.467
  172000    15.586
  173000    15.373
  174000    15.601
  175000    15.339
  176000    15.875
  177000    15.595
  178000    15.292
  179000    15.560
  180000    15.130
  181000    15.660
  182000    15.267
  183000    15.337
  184000    15.391
  185000    15.357
  186000    15.418
  187000    15.555
  188000    15.180
  189000    15.309
  190000    15.393
  191000    15.368
  192000    15.418
  193000    15.118
  194000    15.680
  195000    15.853
  196000    15.525
  197000    15.737
  198000    15.743
  199000    15.386
  200000    15.315
  201000    15.519
  202000    15.671
  203000    15.430
  204000    15.349
  205000    15.550
  206000    15.681
  207000    15.590
  208000    15.552
  209000    15.325
  210000    15.612
  211000    15.839
  212000    15.309
  213000    15.790
  214000    15.483
  215000    15.401
  216000    15.142
  217000    15.512
  218000    15.638
  219000    15.362
  220000    15.773
  221000    15.140
  222000    15.753
  223000    15.609
  224000    15.577
  225000    15.570
  226000    15.758
  227000    15.485
  228000    15.365
  229000    15.575
  230000    15.392
  231000    15.486
  232000    15.553
  233000    15.515
  234000    15.292
  235000    15.229
  236000    15.915
  237000    15.390
  238000    15.587
  239000    15.441
  240000    15.209
  241000    15.414
  242000    15.359
  243000    15.438
  244000    15.390
  245000    15.701
  246000    15.542
  247000    15.595
  248000    15.525
  249000    15.329
  250000    15.764
  251000    15.453
  252000    15.615
  253000    15.623
  254000    15.135
  255000    15.401
  256000    15.363
  257000    15.455
  258000    15.685
  259000    15.262
  260000    15.473
  261000    15.465
  262000    15.781
  263000    15.565
  264000    15.377
  265000    15.899
  266000    15.612
  267000    15.477
  268000    15.640
  269000    15.434
  270000    15.554
  271000    15.287
  272000    15.448
  273000    15.534
  274000    15.536
  275000    15.552
  276000    15.802
  277000    15.475
  278000    15.499
  279000    15.576
  280000    15.216
  281000    15.341
  282000    15.708
  283000    15.359
  284000    15.575
  285000    15.924
  286000    15.857
  287000    15.462
  288000    15.686
  289000    15.409
  290000    15.474
  291000    15.746
  292000    15.626
  293000    15.391
  294000    15.618
  295000    15.532
  296000    15.250
  297000    15.701
  298000    15.507
  299000    15.793
  300000    15.488
  301000    15.509
  302000    15.432
  303000    15.379
  304000    15.917
  305000    15.603
  306000    15.742
  307000    15.688
  308000    15.620
  309000    15.705
  310000    15.621
  311000    15.359
  312000    15.466
  313000    15.339
  314000    15.254
  315000    15.265
  316000    15.507
  317000    15.579
  318000    15.804
  319000    15.637
  320000    15.401
  321000    15.559
  322000    15.346
  323000    15.646
  324000    15.529
  325000    15.526
  326000    15.652
  327000    15.681
  328000    15.635
  329000    15.411
  330000    15.433
  331000    15.425
  332000    15.493
  333000    15.870
  334000    15.449
  335000    15.521
  336000    15.634
  337000    15.233
  338000    15.639
  339000    15.549
  340000    15.628
  341000    15.512
  342000    15.339
  343000    15.411
  344000    15.286
  345000    15.324
  346000    15.293
  347000    15.528
  348000    15.597
  349000    15.219
  350000    15.675
  351000    15.375
  352000    15.628
  353000    15.522
  354000    15.868
  355000    15.639
  356000    15.533
  357000    15.573
  358000    15.451
  359000    15.647
  360000    15.546
  361000    15.555
  362000    15.562
  363000    15.418
  364000    15.443
  365000    15.596
  366000    15.721
  367000    15.348
  368000    15.321
  369000    15.670
  370000    15.690
  371000    15.486
  372000    15.735
  373000    15.145
  374000    15.611
  375000    15.342
  376000    15.286
  377000    15.319
  378000    15.448
  379000    15.502
  380000    15.323
  381000    15.499
  382000    15.560
  383000    15.566
  384000    15.419
  385000    15.493
  386000    15.472
  387000    15.228
  388000    15.607
  389000    15.804
  390000    15.495
  391000    15.635
  392000    15.639
  393000    15.578
  394000    15.615
  395000    15.744
  396000    15.145
  397000    15.419
  398000    15.582
  399000    15.365
  400000    15.168
  401000    15.421
  402000    15.017
  403000    15.587
  404000    15.496
  405000    15.132
  406000    15.501
  407000    15.394
  408000    15.594
  409000    15.595
  410000    15.780
  411000    15.614
  412000    15.432
  413000    15.658
  414000    15.647
  415000    15.580
  416000    15.389
  417000    15.643
  418000    15.622
  419000    15.450
  420000    15.441
  421000    15.473
  422000    15.236
  423000    15.435
  424000    15.566
  425000    15.654
  426000    15.500
  427000    15.492
  428000    15.400
  429000    15.403
  430000    15.693
  431000    15.638
  432000    15.481
  433000    15.762
  434000    15.688
  435000    15.297
  436000    15.413
  437000    15.288
  438000    15.304
  439000    15.368
  440000    15.082
  441000    15.381
  442000    15.368
  443000    15.419
  444000    15.495
  445000    15.667
  446000    15.610
  447000    15.532
  448000    15.531
  449000    15.454
  450000    15.438
  451000    15.755
  452000    15.556
  453000    15.401
  454000    15.563
  455000    15.796
  456000    15.580
  457000    15.444
  458000    15.499
  459000    15.701
  460000    15.281
  461000    15.419
  462000    15.469
  463000    15.318
  464000    15.378
  465000    15.629
  466000    15.652
  467000    15.667
  468000    15.306
  469000    15.007
  470000    15.513
  471000    15.250
  472000    15.584
  473000    15.415
  474000    15.762
  475000    15.701
  476000    15.660
  477000    15.201
  478000    15.170
  479000    15.534
  480000    15.434
  481000    15.438
  482000    15.211
  483000    15.303
  484000    15.669
  485000    15.537
  486000    15.615
  487000    15.666
  488000    15.645
  489000    15.584
  490000    15.482
  491000    15.403
  492000    15.657
  493000    15.327
  494000    15.551
  495000    15.549
  496000    15.662
  497000    15.481
  498000    15.332
  499000    15.543
