       0     4.367
     100     3.989
     200     3.858
     300     3.766
     400     3.827
     500     3.675
     600     3.936
     700     4.030
     800     3.912
     900     3.887
    1000     3.813
    1100     3.886
    1200     3.784
    1300     3.877
    1400     3.802
    1500     3.743
    1600     3.788
    1700     3.732
    1800     3.790
    1900     3.913
    2000     3.879
    2100     3.788
    2200     3.838
    2300     3.877
    2400     3.908
    2500     3.804
    2600     3.715
    2700     3.759
    2800     3.896
    2900     3.855
    3000     4.046
    3100     4.022
    3200     3.980
    3300     3.979
    3400     3.927
    3500     3.927
    3600     3.695
    3700     3.889
    3800     4.033
    3900     4.070
    4000     4.089
    4100     3.865
    4200     3.741
    4300     3.906
    4400     3.832
    4500     3.891
    4600     3.746
    4700     3.731
    4800     3.778
    4900     3.945
    5000     3.803
    5100     4.047
    5200     3.911
    5300     3.824
    5400     4.017
    5500     3.896
    5600     3.733
    5700     3.846
    5800     4.228
    5900     4.089
    6000     3.996
    6100     3.941
    6200     4.035
    6300     4.118
    6400     4.106
    6500     4.017
    6600     3.965
    6700     3.935
    6800     3.755
    6900     3.778
    7000     3.747
    7100     3.845
    7200     3.678
    7300     3.826
    7400     3.900
    7500     3.966
    7600     4.094
    7700     3.889
    7800     3.896
    7900     3.858
    8000     3.874
    8100     4.022
    8200     3.843
    8300     3.846
    8400     3.909
    8500     3.892
    8600     4.093
    8700     4.030
    8800     4.071
    8900     3.849
    9000     4.048
    9100     4.153
    9200     4.063
    9300     3.995
    9400     4.014
    9500     4.079
    9600     4.076
    9700     4.030
    9800     3.967
    9900     3.875
   10000     3.798
   10100     3.879
   10200     3.675
   10300     3.761
   10400     3.647
   10500     3.877
   10600     3.792
   10700     3.941
   10800     3.798
   10900     3.927
   11000     3.822
   11100     3.822
   11200     4.003
   11300     3.874
   11400     3.923
   11500     3.904
   11600     3.846
   11700     4.013
   11800     3.916
   11900     4.111
   12000     3.915
   12100     4.174
   12200     3.977
   12300     4.179
   12400     4.147
   12500     4.071
   12600     3.972
   12700     3.911
   12800     3.934
   12900     3.946
   13000     3.799
   13100     3.758
   13200     3.842
   13300     3.877
   13400     3.842
   13500     3.960
   13600     4.215
   13700     4.101
   13800     3.941
   13900     3.897
   14000     3.839
   14100     3.985
   14200     3.879
   14300     3.958
   14400     3.909
   14500     3.862
   14600     3.753
   14700     3.803
   14800     3.774
   14900     3.954
   15000     3.950
   15100     4.187
   15200     3.907
   15300     3.869
   15400     3.944
   15500     4.032
   15600     3.939
   15700     4.156
   15800     3.926
   15900     4.119
   16000     4.057
   16100     4.056
   16200     4.096
   16300     4.136
   16400     4.067
   16500     4.071
   16600     3.896
   16700     3.971
   16800     3.719
   16900     3.817
   17000     3.981
   17100     3.764
   17200     3.771
   17300     3.797
   17400     3.937
   17500     3.996
   17600     4.015
   17700     3.852
   17800     3.772
   17900     3.770
   18000     3.698
   18100     3.722
   18200     3.829
   18300     3.641
   18400     3.926
   18500     3.851
   18600     3.768
   18700     3.794
   18800     3.912
   18900     3.907
   19000     3.829
   19100     3.937
   19200     3.647
   19300     3.776
   19400     3.913
   19500     3.763
   19600     3.720
   19700     3.629
   19800     3.725
   19900     3.969
   20000     3.706
   20100     3.856
   20200     3.723
   20300     3.998
   20400     4.019
   20500     3.864
   20600     3.967
   20700     3.853
   20800     3.789
   20900     3.913
   21000     3.889
   21100     3.894
   21200     3.881
   21300     3.689
   21400     3.742
   21500     3.739
   21600     3.787
   21700     4.128
   21800     3.793
   21900     3.930
   22000     3.933
   22100     4.073
   22200     3.918
   22300     3.877
   22400     3.823
   22500     3.879
   22600     3.892
   22700     3.971
   22800     4.210
   22900     3.971
   23000     3.974
   23100     3.943
   23200     3.703
   23300     3.755
   23400     3.752
   23500     3.776
   23600     3.846
   23700     3.744
   23800     3.948
   23900     4.045
   24000     3.944
   24100     3.871
   24200     3.909
   24300     4.137
   24400     3.967
   24500     3.965
   24600     3.979
   24700     3.949
   24800     3.903
   24900     3.813
   25000     4.033
   25100     3.948
   25200     3.931
   25300     3.688
   25400     3.654
   25500     3.782
   25600     3.796
   25700     3.920
   25800     4.124
   25900     3.991
   26000     4.020
   26100     3.869
   26200     4.035
   26300     3.832
   26400     4.010
   26500     3.963
   26600     4.001
   26700     3.791
   26800     3.932
   26900     3.803
   27000     3.896
   27100     4.012
   27200     3.919
   27300     3.884
   27400     3.902
   27500     3.894
   27600     3.952
   27700     3.841
   27800     3.920
   27900     3.876
   28000     3.845
   28100     3.713
   28200     3.559
   28300     3.681
   28400     3.852
   28500     3.809
   28600     3.811
   28700     3.783
   28800     3.827
   28900     3.882
   29000     4.050
   29100     3.966
   29200     3.882
   29300     3.846
   29400     3.847
   29500     3.850
   29600     3.740
   29700     3.922
   29800     3.802
   29900     3.691
   30000     3.967
   30100     3.826
   30200     3.825
   30300     3.996
   30400     3.912
   30500     3.939
   30600     3.779
   30700     3.792
   30800     3.993
   30900     3.754
   31000     3.746
   31100     3.794
   31200     4.032
   31300     3.945
   31400     3.700
   31500     3.807
   31600     3.946
   31700     3.803
   31800     3.945
   31900     3.896
   32000     3.875
   32100     3.891
   32200     3.789
   32300     3.832
   32400     3.829
   32500     4.006
   32600     3.892
   32700     3.743
   32800     3.884
   32900     3.857
   33000     3.818
   33100     3.769
   33200     3.833
   33300     3.858
   33400     3.693
   33500     3.800
   33600     3.839
   33700     3.902
   33800     3.965
   33900     3.835
   34000     3.877
   34100     3.888
   34200     4.071
   34300     3.830
   34400     3.952
   34500     4.000
   34600     3.943
   34700     3.929
   34800     3.919
   34900     3.730
   35000     3.759
   35100     3.775
   35200     3.813
   35300     3.777
   35400     3.781
   35500     3.867
   35600     3.764
   35700     3.813
   35800     3.735
   35900     3.864
   36000     3.900
   36100     3.956
   36200     3.992
   36300     3.824
   36400     4.062
   36500     3.805
   36600     3.752
   36700     3.892
   36800     3.953
   36900     3.991
   37000     3.955
   37100     3.928
   37200     4.035
   37300     3.945
   37400     4.089
   37500     3.861
   37600     3.727
   37700     4.079
   37800     4.141
   37900     4.102
   38000     3.961
   38100     3.974
   38200     3.863
   38300     3.851
   38400     3.977
   38500     3.848
   38600     3.753
   38700     3.763
   38800     3.843
   38900     4.066
   39000     3.979
   39100     4.094
   39200     3.961
   39300     4.080
   39400     4.050
   39500     4.194
   39600     4.354
   39700     4.073
   39800     3.989
   39900     3.996
   40000     3.921
   40100     3.973
   40200     3.929
   40300     4.117
   40400     4.137
   40500     4.138
   40600     4.064
   40700     4.062
   40800     3.835
   40900     3.832
   41000     3.912
   41100     3.898
   41200     3.853
   41300     3.937
   41400     3.878
   41500     3.796
   41600     4.024
   41700     3.805
   41800     3.769
   41900     3.864
   42000     4.032
   42100     3.959
   42200     3.936
   42300     3.993
   42400     3.883
   42500     3.904
   42600     4.031
   42700     3.860
   42800     4.055
   42900     3.970
   43000     4.006
   43100     4.022
   43200     4.007
   43300     3.957
   43400     4.087
   43500     4.004
   43600     3.824
   43700     3.891
   43800     3.783
   43900     3.952
   44000     3.959
   44100     3.944
   44200     4.009
   44300     3.885
   44400     4.127
   44500     4.131
   44600     3.950
   44700     3.991
   44800     3.851
   44900     3.950
   45000     3.934
   45100     3.974
   45200     3.865
   45300     3.765
   45400     3.681
   45500     4.039
   45600     3.911
   45700     3.952
   45800     4.015
   45900     4.044
   46000     3.984
   46100     4.014
   46200     3.957
   46300     4.002
   46400     3.993
   46500     3.936
   46600     3.937
   46700     3.830
   46800     3.781
   46900     3.837
   47000     3.848
   47100     3.717
   47200     3.858
   47300     3.864
   47400     3.754
   47500     3.792
   47600     3.915
   47700     3.952
   47800     3.967
   47900     4.151
   48000     4.162
   48100     4.210
   48200     3.915
   48300     3.796
   48400     3.645
   48500     3.823
   48600     3.724
   48700     3.858
   48800     3.808
   48900     3.680
   49000     3.836
   49100     3.828
   49200     3.789
   49300     3.800
   49400     3.887
   49500     3.928
   49600     3.866
   49700     3.724
   49800     3.655
   49900     3.867
   50000     3.906
   50100     3.835
   50200     3.858
   50300     3.892
   50400     3.960
   50500     3.995
   50600     4.055
   50700     3.866
   50800     3.825
   50900     3.958
   51000     3.937
   51100     3.991
   51200     4.005
   51300     3.834
   51400     3.764
   51500     3.849
   51600     3.717
   51700     3.915
   51800     3.872
   51900     3.922
   52000     3.922
   52100     4.115
   52200     4.114
   52300     4.079
   52400     4.089
   52500     3.999
   52600     3.967
   52700     3.918
   52800     3.858
   52900     3.892
   53000     3.855
   53100     3.910
   53200     3.874
   53300     4.102
   53400     4.046
   53500     3.964
   53600     3.982
   53700     3.877
   53800     4.056
   53900     3.856
   54000     3.907
   54100     4.090
   54200     3.849
   54300     3.822
   54400     3.867
   54500     3.858
   54600     3.940
   54700     3.750
   54800     3.845
   54900     3.866
   55000     3.691
   55100     3.857
   55200     3.774
   55300     3.757
   55400     3.923
   55500     3.854
   55600     4.051
   55700     4.085
   55800     3.998
   55900     4.056
   56000     3.929
   56100     3.816
   56200     3.951
   56300     3.931
   56400     4.058
   56500     3.923
   56600     3.843
   56700     3.763
   56800     3.903
   56900     3.865
   57000     3.994
   57100     3.984
   57200     3.889
   57300     3.920
   57400     3.727
   57500     3.797
   57600     3.798
   57700     3.883
   57800     3.865
   57900     3.937
   58000     3.897
   58100     3.878
   58200     4.009
   58300     3.985
   58400     3.902
   58500     3.958
   58600     3.914
   58700     3.881
   58800     3.864
   58900     3.719
   59000     3.730
   59100     3.898
   59200     3.842
   59300     3.834
   59400     3.962
   59500     4.091
   59600     3.898
   59700     3.841
   59800     3.734
   59900     3.792
   60000     3.925
   60100     4.014
   60200     4.020
   60300     4.059
   60400     3.878
   60500     3.786
   60600     3.968
   60700     3.735
   60800     3.761
   60900     3.832
   61000     3.891
   61100     3.956
   61200     3.987
   61300     4.034
   61400     4.011
   61500     4.020
   61600     3.955
   61700     3.981
   61800     3.959
   61900     3.908
   62000     3.784
   62100     3.795
   62200     3.816
   62300     3.962
   62400     3.934
   62500     4.084
   62600     3.992
   62700     3.794
   62800     4.032
   62900     4.093
   63000     4.173
   63100     4.077
   63200     3.924
   63300     4.036
   63400     3.927
   63500     3.981
   63600     4.023
   63700     3.952
   63800     3.942
   63900     3.889
   64000     3.867
   64100     3.755
   64200     3.679
   64300     3.855
   64400     3.789
   64500     3.915
   64600     3.955
   64700     4.108
   64800     3.766
   64900     3.868
   65000     3.948
   65100     3.949
   65200     3.976
   65300     3.683
   65400     3.746
   65500     3.848
   65600     3.852
   65700     3.959
   65800     3.962
   65900     3.814
   66000     3.870
   66100     3.840
   66200     3.953
   66300     4.069
   66400     4.030
   66500     3.936
   66600     4.017
   66700     4.017
   66800     3.924
   66900     3.854
   67000     3.733
   67100     3.886
   67200     3.940
   67300     3.908
   67400     3.922
   67500     3.871
   67600     3.699
   67700     3.909
   67800     4.008
   67900     3.809
   68000     3.949
   68100     4.062
   68200     4.069
   68300     3.844
   68400     3.987
   68500     4.076
   68600     4.097
   68700     4.128
   68800     3.815
   68900     3.940
   69000     3.869
   69100     3.846
   69200     3.856
   69300     3.982
   69400     3.934
   69500     3.881
   69600     3.917
   69700     4.106
   69800     3.896
   69900     3.872
   70000     3.870
   70100     3.935
   70200     4.075
   70300     4.090
   70400     4.133
   70500     4.112
   70600     3.815
   70700     3.968
   70800     4.019
   70900     4.094
   71000     4.159
   71100     4.008
   71200     3.682
   71300     3.616
   71400     3.786
   71500     3.935
   71600     4.041
   71700     4.087
   71800     3.951
   71900     4.005
   72000     3.714
   72100     3.685
   72200     3.714
   72300     3.943
   72400     3.749
   72500     3.859
   72600     3.841
   72700     3.959
   72800     3.828
   72900     3.802
   73000     3.899
   73100     4.073
   73200     3.932
   73300     3.843
   73400     4.006
   73500     3.887
   73600     3.864
   73700     3.926
   73800     3.893
   73900     3.849
   74000     3.679
   74100     3.722
   74200     3.929
   74300     3.902
   74400     4.064
   74500     3.780
   74600     3.681
   74700     3.731
   74800     3.565
   74900     3.685
   75000     3.570
   75100     3.816
   75200     3.881
   75300     3.883
   75400     3.834
   75500     4.085
   75600     4.036
   75700     3.798
   75800     3.933
   75900     3.986
   76000     3.978
   76100     3.778
   76200     3.772
   76300     3.773
   76400     3.676
   76500     3.715
   76600     3.893
   76700     3.851
   76800     3.951
   76900     3.918
   77000     3.971
   77100     4.086
   77200     3.971
   77300     3.995
   77400     4.001
   77500     4.086
   77600     4.013
   77700     4.135
   77800     4.082
   77900     3.795
   78000     3.975
   78100     4.073
   78200     3.854
   78300     4.013
   78400     4.026
   78500     3.924
   78600     3.856
   78700     4.047
   78800     4.056
   78900     4.134
   79000     3.769
   79100     3.882
   79200     3.943
   79300     3.891
   79400     3.790
   79500     3.848
   79600     3.941
   79700     3.924
   79800     3.716
   79900     3.692
   80000     3.871
   80100     3.939
   80200     3.950
   80300     3.801
   80400     3.860
   80500     3.921
   80600     3.985
   80700     3.968
   80800     3.886
   80900     3.988
   81000     3.810
   81100     3.842
   81200     3.807
   81300     3.766
   81400     3.827
   81500     3.971
   81600     3.834
   81700     3.771
   81800     3.840
   81900     3.836
   82000     3.992
   82100     3.957
   82200     3.934
   82300     3.716
   82400     3.730
   82500     3.723
   82600     3.841
   82700     3.848
   82800     3.777
   82900     3.862
   83000     3.864
   83100     4.030
   83200     4.036
   83300     4.068
   83400     3.948
   83500     3.841
   83600     3.937
   83700     3.871
   83800     3.813
   83900     3.825
   84000     3.711
   84100     3.651
   84200     3.765
   84300     3.938
   84400     3.955
   84500     3.618
   84600     3.978
   84700     3.815
   84800     4.052
   84900     4.009
   85000     3.811
   85100     3.769
   85200     3.794
   85300     3.872
   85400     3.841
   85500     3.784
   85600     3.889
   85700     3.757
   85800     3.876
   85900     3.845
   86000     3.818
   86100     3.789
   86200     3.952
   86300     3.868
   86400     3.804
   86500     3.924
   86600     4.017
   86700     3.876
   86800     3.819
   86900     3.710
   87000     3.758
   87100     3.655
   87200     3.740
   87300     3.842
   87400     3.915
   87500     3.847
   87600     3.739
   87700     3.835
   87800     3.654
   87900     3.796
   88000     3.920
   88100     3.854
   88200     3.770
   88300     3.736
   88400     3.907
   88500     3.931
   88600     3.808
   88700     3.938
   88800     3.973
   88900     4.017
   89000     3.857
   89100     3.838
   89200     3.914
   89300     3.830
   89400     3.849
   89500     3.933
   89600     3.798
   89700     4.097
   89800     4.271
   89900     4.135
   90000     4.018
   90100     4.015
   90200     3.952
   90300     3.788
   90400     3.941
   90500     4.127
   90600     3.832
   90700     3.974
   90800     3.862
   90900     4.058
   91000     3.919
   91100     4.017
   91200     3.948
   91300     4.194
   91400     4.162
   91500     4.129
   91600     4.011
   91700     3.770
   91800     4.006
   91900     3.807
   92000     3.913
   92100     3.905
   92200     3.904
   92300     3.780
   92400     3.974
   92500     4.046
   92600     3.873
   92700     3.854
   92800     3.835
   92900     3.922
   93000     3.859
   93100     3.633
   93200     3.818
   93300     3.833
   93400     4.011
   93500     3.870
   93600     3.906
   93700     3.846
   93800     3.902
   93900     3.791
   94000     3.820
   94100     3.960
   94200     3.932
   94300     4.001
   94400     4.116
   94500     3.962
   94600     4.283
   94700     3.996
   94800     4.140
   94900     4.151
   95000     3.991
   95100     3.965
   95200     3.940
   95300     3.839
   95400     3.850
   95500     3.959
   95600     3.814
   95700     3.721
   95800     3.859
   95900     3.942
   96000     4.000
   96100     3.990
   96200     3.922
   96300     4.028
   96400     3.857
   96500     3.926
   96600     3.887
   96700     3.983
   96800     3.829
   96900     3.845
   97000     3.717
   97100     3.741
   97200     3.837
   97300     3.974
   97400     3.974
   97500     3.990
   97600     3.913
   97700     3.782
   97800     3.876
   97900     3.755
   98000     3.954
   98100     3.830
   98200     3.913
   98300     3.904
   98400     3.815
   98500     3.788
   98600     3.819
   98700     3.880
   98800     4.101
   98900     4.166
   99000     4.089
   99100     4.019
   99200     4.104
   99300     3.964
   99400     3.830
   99500     3.925
   99600     3.831
   99700     4.079
   99800     3.961
   99900     3.761
  100000     3.869
  100100     3.763
  100200     3.751
  100300     3.705
  100400     3.849
  100500     3.948
  100600     3.980
  100700     4.005
  100800     4.050
  100900     3.900
  101000     3.940
  101100     3.995
  101200     3.823
  101300     3.832
  101400     3.985
  101500     3.969
  101600     3.986
  101700     3.743
  101800     3.854
  101900     3.898
  102000     4.012
  102100     3.886
  102200     3.905
  102300     3.875
  102400     3.758
  102500     3.710
  102600     3.819
  102700     3.853
  102800     3.939
  102900     4.123
  103000     3.981
  103100     3.809
  103200     4.144
  103300     3.831
  103400     3.805
  103500     4.020
  103600     4.227
  103700     3.856
  103800     3.900
  103900     3.830
  104000     4.007
  104100     3.895
  104200     3.953
  104300     4.077
  104400     3.975
  104500     3.796
  104600     3.768
  104700     3.794
  104800     3.793
  104900     3.820
  105000     3.923
  105100     4.173
  105200     3.975
  105300     3.979
  105400     4.032
  105500     3.955
  105600     3.762
  105700     3.822
  105800     3.786
  105900     3.846
  106000     3.694
  106100     3.985
  106200     3.643
  106300     3.754
  106400     3.680
  106500     3.826
  106600     3.727
  106700     3.842
  106800     3.797
  106900     3.922
  107000     3.900
  107100     3.732
  107200     3.565
  107300     3.701
  107400     3.803
  107500     3.814
  107600     3.787
  107700     3.603
  107800     3.770
  107900     3.923
  108000     3.610
  108100     3.597
  108200     3.893
  108300     3.855
  108400     3.961
  108500     3.684
  108600     3.847
  108700     3.733
  108800     4.021
  108900     3.833
  109000     3.863
  109100     4.172
  109200     3.827
  109300     3.716
  109400     3.705
  109500     3.804
  109600     3.590
  109700     3.764
  109800     3.891
  109900     3.980
  110000     3.959
  110100     3.945
  110200     3.656
  110300     3.913
  110400     3.919
  110500     3.826
  110600     3.824
  110700     3.731
  110800     3.734
  110900     3.716
  111000     3.728
  111100     3.761
  111200     3.845
  111300     3.855
  111400     3.773
  111500     3.673
  111600     3.969
  111700     3.953
  111800     4.036
  111900     4.119
  112000     4.063
  112100     3.921
  112200     3.948
  112300     3.868
  112400     3.832
  112500     3.936
  112600     3.900
  112700     3.853
  112800     3.860
  112900     3.971
  113000     3.836
  113100     3.955
  113200     3.947
  113300     3.842
  113400     3.866
  113500     3.940
  113600     3.976
  113700     3.848
  113800     3.784
  113900     3.695
  114000     3.609
  114100     3.550
  114200     3.717
  114300     3.793
  114400     3.871
  114500     3.789
  114600     3.955
  114700     3.823
  114800     3.840
  114900     3.859
  115000     3.776
  115100     3.845
  115200     3.774
  115300     3.560
  115400     3.977
  115500     3.978
  115600     3.836
  115700     3.652
  115800     3.842
  115900     4.024
  116000     3.783
  116100     3.879
  116200     3.980
  116300     3.856
  116400     3.790
  116500     3.644
  116600     3.752
  116700     3.528
  116800     3.788
  116900     3.965
  117000     3.769
  117100     3.582
  117200     3.689
  117300     3.695
  117400     3.782
  117500     3.779
  117600     3.497
  117700     3.648
  117800     3.474
  117900     3.779
  118000     3.829
  118100     3.778
  118200     3.833
  118300     3.728
  118400     3.906
  118500     3.719
  118600     3.742
  118700     3.707
  118800     3.660
  118900     3.864
  119000     4.043
  119100     3.809
  119200     3.994
  119300     4.034
  119400     3.823
  119500     3.784
  119600     3.852
  119700     3.643
  119800     3.820
  119900     3.740
  120000     3.727
  120100     3.866
  120200     3.739
  120300     3.763
  120400     3.878
  120500     3.931
  120600     3.909
  120700     3.726
  120800     3.640
  120900     3.774
  121000     3.894
  121100     3.784
  121200     3.965
  121300     3.917
  121400     3.787
  121500     3.892
  121600     3.769
  121700     3.712
  121800     3.874
  121900     3.741
  122000     3.886
  122100     3.856
  122200     3.750
  122300     3.863
  122400     4.003
  122500     4.010
  122600     4.086
  122700     3.994
  122800     3.894
  122900     3.784
  123000     3.599
  123100     3.823
  123200     3.603
  123300     3.736
  123400     3.707
  123500     3.748
  123600     3.850
  123700     3.931
  123800     3.806
  123900     3.687
  124000     3.692
  124100     3.832
  124200     3.806
  124300     3.662
  124400     3.609
  124500     3.821
  124600     3.775
  124700     3.616
  124800     3.713
  124900     3.779
  125000     3.967
  125100     3.722
  125200     3.786
  125300     3.800
  125400     3.898
  125500     3.929
  125600     3.939
  125700     4.022
  125800     3.780
  125900     3.856
  126000     3.916
  126100     3.802
  126200     3.898
  126300     3.858
  126400     3.909
  126500     3.909
  126600     4.093
  126700     3.873
  126800     3.948
  126900     4.003
  127000     4.017
  127100     4.166
  127200     3.927
  127300     3.919
  127400     3.894
  127500     3.862
  127600     3.919
  127700     3.967
  127800     3.973
  127900     4.065
  128000     3.835
  128100     3.879
  128200     4.019
  128300     4.013
  128400     3.922
  128500     3.937
  128600     3.897
  128700     3.782
  128800     3.959
  128900     4.026
  129000     4.002
  129100     3.616
  129200     3.823
  129300     3.879
  129400     3.844
  129500     4.004
  129600     4.002
  129700     3.856
  129800     3.869
  129900     3.962
  130000     3.898
  130100     3.866
  130200     3.962
  130300     3.998
  130400     3.932
  130500     3.892
  130600     3.826
  130700     3.808
  130800     3.870
  130900     3.866
  131000     3.894
  131100     3.880
  131200     3.933
  131300     3.759
  131400     3.912
  131500     3.980
  131600     3.973
  131700     3.972
  131800     3.832
  131900     3.853
  132000     3.940
  132100     4.084
  132200     4.033
  132300     3.957
  132400     3.921
  132500     4.053
  132600     4.053
  132700     4.060
  132800     3.929
  132900     3.941
  133000     3.967
  133100     3.971
  133200     3.832
  133300     3.795
  133400     3.893
  133500     3.948
  133600     3.989
  133700     4.031
  133800     3.971
  133900     3.834
  134000     3.928
  134100     3.924
  134200     4.000
  134300     3.985
  134400     3.953
  134500     3.862
  134600     3.941
  134700     3.826
  134800     3.685
  134900     3.867
  135000     3.801
  135100     3.731
  135200     3.954
  135300     3.931
  135400     4.017
  135500     3.762
  135600     3.865
  135700     3.832
  135800     3.777
  135900     3.862
  136000     3.910
  136100     3.924
  136200     3.999
  136300     3.902
  136400     3.990
  136500     3.951
  136600     3.926
  136700     3.739
  136800     3.759
  136900     3.968
  137000     3.799
  137100     3.733
  137200     3.747
  137300     3.956
  137400     3.896
  137500     3.775
  137600     3.851
  137700     4.066
  137800     4.073
  137900     3.859
  138000     3.964
  138100     4.002
  138200     3.978
  138300     4.019
  138400     3.925
  138500     3.880
  138600     3.843
  138700     3.748
  138800     3.942
  138900     3.974
  139000     3.856
  139100     4.038
  139200     4.026
  139300     4.155
  139400     4.021
  139500     4.002
  139600     4.160
  139700     3.852
  139800     4.039
  139900     3.900
  140000     4.033
  140100     3.862
  140200     3.735
  140300     3.789
  140400     3.921
  140500     4.005
  140600     4.064
  140700     3.942
  140800     3.838
  140900     4.117
  141000     4.133
  141100     4.049
  141200     4.017
  141300     4.030
  141400     4.053
  141500     3.952
  141600     3.889
  141700     4.192
  141800     3.980
  141900     4.004
  142000     3.927
  142100     4.016
  142200     3.788
  142300     3.699
  142400     3.880
  142500     3.743
  142600     3.851
  142700     3.975
  142800     4.132
  142900     3.885
  143000     3.844
  143100     3.864
  143200     3.848
  143300     3.929
  143400     4.007
  143500     4.094
  143600     3.829
  143700     3.907
  143800     3.896
  143900     4.048
  144000     4.031
  144100     3.882
  144200     3.709
  144300     3.762
  144400     3.934
  144500     3.808
  144600     4.018
  144700     3.960
  144800     3.901
  144900     3.658
  145000     3.730
  145100     3.843
  145200     3.846
  145300     3.783
  145400     4.092
  145500     3.956
  145600     3.870
  145700     3.904
  145800     3.878
  145900     3.884
  146000     3.831
  146100     3.827
  146200     3.942
  146300     4.093
  146400     3.827
  146500     3.875
  146600     3.927
  146700     4.094
  146800     3.950
  146900     3.822
  147000     3.891
  147100     4.012
  147200     3.733
  147300     3.821
  147400     3.785
  147500     3.833
  147600     3.893
  147700     4.072
  147800     4.027
  147900     3.855
  148000     3.852
  148100     3.966
  148200     4.021
  148300     3.925
  148400     3.901
  148500     3.997
  148600     3.866
  148700     3.969
  148800     3.841
  148900     3.952
  149000     3.928
  149100     3.910
  149200     3.988
  149300     3.930
  149400     4.113
  149500     4.176
  149600     4.138
  149700     4.025
  149800     4.088
  149900     4.149
  150000     3.845
  150100     3.988
  150200     3.895
  150300     3.962
  150400     3.789
  150500     3.855
  150600     3.850
  150700     3.931
  150800     3.821
  150900     3.859
  151000     3.856
  151100     3.869
  151200     3.766
  151300     3.843
  151400     3.923
  151500     3.848
  151600     3.862
  151700     4.007
  151800     3.847
  151900     3.889
  152000     3.969
  152100     4.019
  152200     3.929
  152300     3.697
  152400     3.765
  152500     3.845
  152600     3.882
  152700     3.836
  152800     3.718
  152900     3.772
  153000     3.908
  153100     3.915
  153200     3.925
  153300     3.862
  153400     3.684
  153500     3.958
  153600     3.885
  153700     3.976
  153800     4.168
  153900     4.203
  154000     4.113
  154100     4.051
  154200     3.773
  154300     3.739
  154400     3.833
  154500     3.992
  154600     3.969
  154700     3.880
  154800     3.948
  154900     3.876
  155000     3.942
  155100     3.790
  155200     3.811
  155300     3.821
  155400     4.004
  155500     4.013
  155600     3.853
  155700     4.002
  155800     3.892
  155900     3.913
  156000     4.130
  156100     4.031
  156200     3.992
  156300     3.757
  156400     3.858
  156500     3.675
  156600     3.796
  156700     3.874
  156800     3.838
  156900     3.868
  157000     3.850
  157100     3.937
  157200     3.838
  157300     3.976
  157400     3.896
  157500     4.018
  157600     3.900
  157700     3.945
  157800     3.908
  157900     4.005
  158000     3.967
  158100     3.946
  158200     4.019
  158300     3.833
  158400     4.041
  158500     3.903
  158600     3.970
  158700     4.007
  158800     4.151
  158900     4.111
  159000     4.083
  159100     4.080
  159200     3.925
  159300     3.955
  159400     4.014
  159500     4.203
  159600     4.055
  159700     3.933
  159800     3.792
  159900     3.613
  160000     3.910
  160100     3.953
  160200     4.041
  160300     3.970
  160400     4.026
  160500     4.088
  160600     4.113
  160700     3.896
  160800     3.843
  160900     3.896
  161000     3.977
  161100     3.758
  161200     3.880
  161300     4.160
  161400     4.139
  161500     3.810
  161600     3.982
  161700     4.012
  161800     3.842
  161900     3.846
  162000     3.852
  162100     3.808
  162200     4.041
  162300     3.811
  162400     4.023
  162500     3.937
  162600     3.971
  162700     3.866
  162800     3.974
  162900     4.024
  163000     4.072
  163100     3.952
  163200     3.841
  163300     3.763
  163400     3.748
  163500     3.953
  163600     3.852
  163700     4.051
  163800     3.978
  163900     3.868
  164000     4.044
  164100     4.049
  164200     3.915
  164300     3.885
  164400     3.803
  164500     3.811
  164600     3.862
  164700     4.042
  164800     3.735
  164900     3.817
  165000     3.800
  165100     3.649
  165200     3.878
  165300     3.813
  165400     4.021
  165500     3.917
  165600     4.022
  165700     4.010
  165800     3.813
  165900     3.919
  166000     3.864
  166100     3.711
  166200     4.022
  166300     3.936
  166400     3.885
  166500     3.890
  166600     4.089
  166700     3.924
  166800     3.838
  166900     3.971
  167000     4.023
  167100     3.885
  167200     3.955
  167300     3.950
  167400     3.760
  167500     3.852
  167600     3.758
  167700     3.898
  167800     3.927
  167900     3.898
  168000     4.052
  168100     3.869
  168200     3.701
  168300     3.856
  168400     3.945
  168500     3.911
  168600     3.934
  168700     3.736
  168800     4.039
  168900     3.927
  169000     4.003
  169100     4.098
  169200     3.951
  169300     3.822
  169400     3.701
  169500     3.840
  169600     3.787
  169700     3.820
  169800     3.856
  169900     4.043
  170000     3.864
  170100     3.935
  170200     3.899
  170300     3.997
  170400     3.997
  170500     4.009
  170600     3.936
  170700     4.207
  170800     4.026
  170900     4.089
  171000     3.902
  171100     3.720
  171200     3.933
  171300     3.872
  171400     3.779
  171500     3.907
  171600     3.957
  171700     3.811
  171800     3.887
  171900     3.827
  172000     3.853
  172100     3.839
  172200     4.092
  172300     3.775
  172400     3.662
  172500     3.709
  172600     3.796
  172700     3.673
  172800     4.028
  172900     3.793
  173000     4.058
  173100     3.995
  173200     4.139
  173300     3.878
  173400     3.983
  173500     4.048
  173600     3.967
  173700     3.739
  173800     4.016
  173900     3.949
  174000     3.987
  174100     4.023
  174200     3.816
  174300     3.801
  174400     4.000
  174500     3.851
  174600     3.937
  174700     3.864
  174800     3.974
  174900     4.092
  175000     4.038
  175100     3.948
  175200     3.880
  175300     3.903
  175400     3.948
  175500     4.054
  175600     3.982
  175700     3.954
  175800     3.917
  175900     3.956
  176000     4.022
  176100     3.869
  176200     3.981
  176300     3.955
  176400     3.967
  176500     3.738
  176600     3.950
  176700     3.917
  176800     3.909
  176900     4.174
  177000     3.990
  177100     3.900
  177200     3.964
  177300     4.037
  177400     4.032
  177500     4.083
  177600     4.049
  177700     4.087
  177800     4.040
  177900     4.000
  178000     3.861
  178100     3.993
  178200     3.936
  178300     4.034
  178400     4.194
  178500     4.130
  178600     4.219
  178700     3.989
  178800     3.936
  178900     3.848
  179000     4.111
  179100     4.013
  179200     4.118
  179300     4.103
  179400     3.858
  179500     3.971
  179600     3.976
  179700     3.894
  179800     3.742
  179900     3.892
  180000     3.858
  180100     3.818
  180200     3.982
  180300     3.926
  180400     3.686
  180500     3.748
  180600     3.900
  180700     4.093
  180800     4.319
  180900     4.076
  181000     3.862
  181100     3.925
  181200     3.855
  181300     3.811
  181400     3.842
  181500     3.895
  181600     4.099
  181700     3.785
  181800     3.644
  181900     3.752
  182000     4.026
  182100     4.075
  182200     3.866
  182300     3.827
  182400     3.801
  182500     3.882
  182600     3.973
  182700     4.122
  182800     3.857
  182900     4.154
  183000     4.012
  183100     3.809
  183200     3.869
  183300     3.745
  183400     3.724
  183500     3.917
  183600     4.021
  183700     3.916
  183800     3.951
  183900     4.017
  184000     3.972
  184100     3.758
  184200     3.892
  184300     3.925
  184400     3.956
  184500     3.900
  184600     3.712
  184700     3.650
  184800     3.930
  184900     3.904
  185000     3.769
  185100     3.825
  185200     3.833
  185300     4.073
  185400     3.848
  185500     3.751
  185600     3.831
  185700     3.900
  185800     3.783
  185900     3.709
  186000     3.791
  186100     3.910
  186200     3.969
  186300     4.081
  186400     3.813
  186500     4.074
  186600     3.883
  186700     3.956
  186800     3.843
  186900     4.086
  187000     3.787
  187100     3.839
  187200     3.937
  187300     4.088
  187400     3.845
  187500     4.037
  187600     3.825
  187700     3.801
  187800     3.877
  187900     3.858
  188000     3.786
  188100     3.789
  188200     3.848
  188300     3.864
  188400     3.710
  188500     3.787
  188600     3.901
  188700     3.753
  188800     3.660
  188900     3.762
  189000     3.868
  189100     3.972
  189200     3.921
  189300     3.977
  189400     3.994
  189500     3.905
  189600     3.956
  189700     4.018
  189800     3.877
  189900     3.845
  190000     3.880
  190100     3.882
  190200     4.057
  190300     3.914
  190400     4.085
  190500     3.930
  190600     4.008
  190700     4.176
  190800     4.125
  190900     4.053
  191000     4.087
  191100     3.974
  191200     4.032
  191300     4.029
  191400     4.058
  191500     4.165
  191600     4.075
  191700     3.961
  191800     4.129
  191900     3.890
  192000     3.926
  192100     4.176
  192200     4.040
  192300     4.135
  192400     3.864
  192500     3.899
  192600     3.747
  192700     3.881
  192800     3.933
  192900     3.998
  193000     3.893
  193100     3.814
  193200     3.848
  193300     3.972
  193400     3.766
  193500     3.842
  193600     3.988
  193700     3.899
  193800     3.859
  193900     3.895
  194000     3.886
  194100     3.898
  194200     4.036
  194300     3.948
  194400     3.837
  194500     3.902
  194600     3.880
  194700     4.029
  194800     3.839
  194900     4.219
  195000     4.031
  195100     4.034
  195200     4.029
  195300     3.966
  195400     3.987
  195500     3.819
  195600     3.955
  195700     4.037
  195800     3.738
  195900     3.876
  196000     4.196
  196100     4.167
  196200     4.036
  196300     3.937
  196400     3.989
  196500     3.938
  196600     4.015
  196700     4.061
  196800     3.931
  196900     4.029
  197000     4.101
  197100     3.962
  197200     3.999
  197300     4.057
  197400     3.900
  197500     3.941
  197600     3.978
  197700     3.790
  197800     4.036
  197900     3.936
  198000     3.854
  198100     3.915
  198200     3.869
  198300     3.886
  198400     3.851
  198500     3.828
  198600     4.012
  198700     3.877
  198800     3.935
  198900     3.837
  199000     3.949
  199100     4.011
  199200     4.119
  199300     3.993
  199400     3.921
  199500     3.901
  199600     3.941
  199700     3.816
  199800     3.852
  199900     3.763
  200000     3.964
  200100     3.799
  200200     3.834
  200300     3.705
  200400     3.770
  200500     3.920
  200600     3.902
  200700     3.917
  200800     3.979
  200900     3.975
  201000     3.828
  201100     3.945
  201200     3.819
  201300     3.850
  201400     3.959
  201500     3.809
  201600     3.940
  201700     3.884
  201800     3.912
  201900     3.876
  202000     3.786
  202100     3.822
  202200     3.834
  202300     3.875
  202400     3.908
  202500     4.010
  202600     4.004
  202700     3.933
  202800     4.075
  202900     4.064
  203000     3.844
  203100     4.019
  203200     4.072
  203300     4.070
  203400     3.810
  203500     4.075
  203600     3.820
  203700     4.006
  203800     3.867
  203900     4.141
  204000     3.804
  204100     4.029
  204200     3.848
  204300     3.915
  204400     3.912
  204500     3.933
  204600     3.936
  204700     3.718
  204800     3.930
  204900     3.822
  205000     3.732
  205100     3.688
  205200     3.667
  205300     3.790
  205400     3.845
  205500     3.868
  205600     3.711
  205700     3.847
  205800     3.844
  205900     3.946
  206000     3.974
  206100     3.932
  206200     3.814
  206300     3.816
  206400     3.861
  206500     3.919
  206600     3.894
  206700     3.790
  206800     3.704
  206900     3.695
  207000     3.902
  207100     4.031
  207200     4.195
  207300     4.092
  207400     4.061
  207500     3.819
  207600     4.033
  207700     4.057
  207800     3.909
  207900     3.930
  208000     3.922
  208100     3.853
  208200     3.996
  208300     3.895
  208400     3.905
  208500     3.966
  208600     3.777
  208700     3.756
  208800     3.774
  208900     3.779
  209000     3.833
  209100     3.840
  209200     3.741
  209300     3.645
  209400     3.969
  209500     3.934
  209600     4.016
  209700     3.978
  209800     4.042
  209900     3.938
  210000     3.971
  210100     4.097
  210200     3.999
  210300     3.890
  210400     4.106
  210500     4.131
  210600     4.141
  210700     4.007
  210800     3.895
  210900     4.084
  211000     4.295
  211100     4.065
  211200     4.054
  211300     3.973
  211400     4.038
  211500     4.127
  211600     4.030
  211700     4.061
  211800     4.098
  211900     4.080
  212000     3.981
  212100     3.917
  212200     3.943
  212300     3.857
  212400     3.836
  212500     3.742
  212600     3.658
  212700     3.834
  212800     3.897
  212900     3.909
  213000     4.009
  213100     4.026
  213200     3.905
  213300     3.885
  213400     3.717
  213500     3.853
  213600     3.847
  213700     3.915
  213800     3.739
  213900     3.772
  214000     3.789
  214100     3.963
  214200     4.044
  214300     4.061
  214400     3.956
  214500     3.841
  214600     3.913
  214700     4.062
  214800     3.823
  214900     3.843
  215000     3.922
  215100     3.653
  215200     3.945
  215300     4.022
  215400     3.725
  215500     3.821
  215600     3.930
  215700     3.869
  215800     3.928
  215900     3.927
  216000     3.776
  216100     3.823
  216200     3.713
  216300     3.943
  216400     3.820
  216500     3.818
  216600     3.723
  216700     3.826
  216800     3.763
  216900     3.824
  217000     3.921
  217100     3.805
  217200     3.895
  217300     3.868
  217400     3.929
  217500     3.863
  217600     3.726
  217700     3.991
  217800     4.161
  217900     4.013
  218000     3.758
  218100     3.849
  218200     4.009
  218300     4.060
  218400     3.942
  218500     3.878
  218600     3.770
  218700     3.913
  218800     3.848
  218900     4.066
  219000     3.896
  219100     3.927
  219200     3.884
  219300     3.956
  219400     4.040
  219500     4.065
  219600     3.951
  219700     3.835
  219800     3.882
  219900     3.843
  220000     3.991
  220100     3.905
  220200     3.902
  220300     3.945
  220400     3.827
  220500     3.834
  220600     3.969
  220700     3.807
  220800     3.652
  220900     3.712
  221000     3.761
  221100     3.735
  221200     3.899
  221300     3.913
  221400     4.014
  221500     3.940
  221600     3.881
  221700     4.008
  221800     3.832
  221900     3.964
  222000     3.902
  222100     3.958
  222200     4.046
  222300     3.881
  222400     3.966
  222500     3.888
  222600     3.883
  222700     4.147
  222800     3.950
  222900     3.958
  223000     3.861
  223100     3.825
  223200     3.906
  223300     3.887
  223400     3.797
  223500     3.844
  223600     3.825
  223700     3.896
  223800     3.955
  223900     3.779
  224000     3.707
  224100     3.942
  224200     3.891
  224300     4.077
  224400     4.153
  224500     3.826
  224600     3.835
  224700     3.899
  224800     4.005
  224900     4.044
  225000     3.855
  225100     3.990
  225200     4.110
  225300     4.144
  225400     3.905
  225500     3.945
  225600     4.104
  225700     3.928
  225800     3.874
  225900     3.770
  226000     3.951
  226100     3.977
  226200     4.066
  226300     4.285
  226400     3.978
  226500     3.837
  226600     4.086
  226700     3.972
  226800     3.952
  226900     3.779
  227000     3.738
  227100     3.737
  227200     3.719
  227300     3.850
  227400     3.731
  227500     3.814
  227600     3.785
  227700     3.934
  227800     3.834
  227900     4.050
  228000     4.082
  228100     3.902
  228200     4.072
  228300     3.973
  228400     3.813
  228500     3.905
  228600     3.854
  228700     3.966
  228800     3.769
  228900     3.835
  229000     3.903
  229100     3.896
  229200     3.841
  229300     3.798
  229400     3.588
  229500     4.135
  229600     3.758
  229700     3.920
  229800     3.962
  229900     3.867
  230000     3.878
  230100     3.965
  230200     3.853
  230300     3.979
  230400     3.753
  230500     3.795
  230600     3.923
  230700     3.780
  230800     3.742
  230900     3.941
  231000     4.060
  231100     3.786
  231200     4.019
  231300     3.953
  231400     3.902
  231500     3.930
  231600     3.857
  231700     3.967
  231800     4.154
  231900     4.056
  232000     4.004
  232100     4.078
  232200     4.000
  232300     3.945
  232400     3.977
  232500     3.819
  232600     3.747
  232700     3.819
  232800     3.787
  232900     3.821
  233000     4.002
  233100     3.923
  233200     3.944
  233300     4.010
  233400     3.987
  233500     3.902
  233600     3.890
  233700     3.881
  233800     4.072
  233900     3.934
  234000     3.758
  234100     3.813
  234200     3.859
  234300     4.065
  234400     4.034
  234500     4.007
  234600     3.938
  234700     3.772
  234800     3.891
  234900     4.018
  235000     3.951
  235100     4.029
  235200     3.931
  235300     3.926
  235400     3.970
  235500     3.994
  235600     3.933
  235700     4.065
  235800     4.068
  235900     4.068
  236000     4.051
  236100     4.090
  236200     3.975
  236300     3.989
  236400     4.164
  236500     3.977
  236600     4.063
  236700     3.888
  236800     3.871
  236900     3.860
  237000     3.816
  237100     3.841
  237200     3.733
  237300     4.023
  237400     4.060
  237500     4.110
  237600     3.805
  237700     3.930
  237800     4.089
  237900     3.948
  238000     3.910
  238100     3.808
  238200     3.831
  238300     3.766
  238400     3.740
  238500     3.657
  238600     4.028
  238700     3.727
  238800     3.770
  238900     3.425
  239000     3.587
  239100     3.727
  239200     3.622
  239300     3.642
  239400     3.899
  239500     3.765
  239600     3.688
  239700     3.581
  239800     3.737
  239900     3.956
  240000     3.850
  240100     3.718
  240200     3.818
  240300     3.845
  240400     3.615
  240500     3.774
  240600     3.683
  240700     3.768
  240800     3.746
  240900     3.898
  241000     3.877
  241100     3.715
  241200     3.681
  241300     3.720
  241400     3.708
  241500     3.763
  241600     3.606
  241700     3.631
  241800     3.704
  241900     3.796
  242000     4.009
  242100     3.842
  242200     4.092
  242300     3.928
  242400     3.916
  242500     3.859
  242600     3.628
  242700     3.837
  242800     3.816
  242900     3.872
  243000     3.850
  243100     3.824
  243200     3.698
  243300     3.899
  243400     4.145
  243500     3.836
  243600     4.071
  243700     4.006
  243800     4.051
  243900     3.940
  244000     4.110
  244100     4.004
  244200     3.817
  244300     3.892
  244400     3.903
  244500     4.017
  244600     4.036
  244700     3.983
  244800     3.965
  244900     3.929
  245000     3.992
  245100     3.891
  245200     3.785
  245300     3.712
  245400     3.657
  245500     3.774
  245600     3.675
  245700     3.700
  245800     3.677
  245900     3.632
  246000     3.636
  246100     3.649
  246200     3.890
  246300     3.621
  246400     3.829
  246500     3.680
  246600     3.472
  246700     3.561
  246800     3.673
  246900     3.796
  247000     3.576
  247100     3.680
  247200     3.831
  247300     3.881
  247400     3.822
  247500     3.790
  247600     3.905
  247700     3.892
  247800     3.743
  247900     3.785
  248000     3.913
  248100     3.698
  248200     3.624
  248300     3.667
  248400     3.781
  248500     3.826
  248600     3.565
  248700     3.790
  248800     3.850
  248900     3.942
  249000     3.807
  249100     3.726
  249200     3.854
  249300     3.535
  249400     3.540
  249500     3.499
  249600     3.500
  249700     3.496
  249800     3.681
  249900     3.699
  250000     3.701
  250100     3.699
  250200     3.760
  250300     3.842
  250400     3.841
  250500     3.779
  250600     3.850
  250700     3.823
  250800     4.010
  250900     3.755
  251000     3.805
  251100     3.801
  251200     3.833
  251300     3.742
  251400     3.669
  251500     3.675
  251600     3.662
  251700     3.768
  251800     3.566
  251900     3.537
  252000     3.619
  252100     3.720
  252200     3.726
  252300     3.560
  252400     3.707
  252500     3.507
  252600     3.480
  252700     3.726
  252800     3.633
  252900     3.581
  253000     3.693
  253100     3.752
  253200     3.637
  253300     3.641
  253400     3.854
  253500     3.649
  253600     3.760
  253700     3.656
  253800     3.446
  253900     3.732
  254000     3.649
  254100     3.646
  254200     3.733
  254300     3.903
  254400     3.829
  254500     3.721
  254600     3.652
  254700     3.610
  254800     3.809
  254900     3.710
  255000     3.654
  255100     3.881
  255200     3.863
  255300     3.747
  255400     3.611
  255500     3.434
  255600     3.575
  255700     3.733
  255800     3.662
  255900     3.692
  256000     3.637
  256100     3.898
  256200     3.653
  256300     3.629
  256400     3.819
  256500     3.714
  256600     3.902
  256700     3.919
  256800     4.007
  256900     3.929
  257000     3.760
  257100     3.827
  257200     3.969
  257300     3.871
  257400     3.734
  257500     3.809
  257600     3.979
  257700     4.106
  257800     4.072
  257900     3.882
  258000     3.872
  258100     3.764
  258200     3.838
  258300     3.596
  258400     3.834
  258500     3.996
  258600     3.862
  258700     3.768
  258800     3.778
  258900     3.760
  259000     3.701
  259100     3.638
  259200     3.653
  259300     3.634
  259400     3.679
  259500     3.632
  259600     3.570
  259700     3.702
  259800     3.504
  259900     3.607
  260000     3.627
  260100     3.649
  260200     3.688
  260300     3.528
  260400     3.751
  260500     3.637
  260600     3.675
  260700     3.636
  260800     3.635
  260900     3.742
  261000     3.853
  261100     3.803
  261200     3.849
  261300     3.807
  261400     3.743
  261500     3.870
  261600     3.871
  261700     3.636
  261800     3.595
  261900     3.920
  262000     3.738
  262100     3.622
  262200     3.647
  262300     3.514
  262400     3.667
  262500     3.771
  262600     3.919
  262700     3.671
  262800     3.799
  262900     3.926
  263000     3.830
  263100     3.731
  263200     3.708
  263300     3.929
  263400     3.750
  263500     3.737
  263600     3.512
  263700     3.532
  263800     3.662
  263900     3.841
  264000     3.904
  264100     3.928
  264200     3.723
  264300     3.768
  264400     3.597
  264500     3.553
  264600     3.867
  264700     3.604
  264800     3.581
  264900     3.736
  265000     3.728
  265100     3.677
  265200     3.687
  265300     3.745
  265400     3.757
  265500     3.584
  265600     3.733
  265700     3.630
  265800     3.740
  265900     3.534
  266000     3.486
  266100     3.786
  266200     3.692
  266300     3.881
  266400     3.816
  266500     3.929
  266600     3.764
  266700     3.799
  266800     3.866
  266900     3.853
  267000     3.741
  267100     3.694
  267200     3.546
  267300     3.601
  267400     3.685
  267500     3.786
  267600     3.765
  267700     3.710
  267800     3.912
  267900     3.801
  268000     3.674
  268100     3.655
  268200     3.578
  268300     3.646
  268400     3.655
  268500     3.723
  268600     3.835
  268700     3.858
  268800     3.768
  268900     3.911
  269000     3.880
  269100     3.590
  269200     3.588
  269300     3.837
  269400     3.837
  269500     3.734
  269600     3.704
  269700     3.697
  269800     3.717
  269900     3.825
  270000     3.898
  270100     3.637
  270200     3.686
  270300     3.862
  270400     3.838
  270500     3.731
  270600     3.832
  270700     3.495
  270800     3.634
  270900     3.773
  271000     3.768
  271100     3.757
  271200     3.736
  271300     3.936
  271400     3.712
  271500     3.721
  271600     3.823
  271700     3.668
  271800     3.663
  271900     3.625
  272000     3.790
  272100     3.945
  272200     4.012
  272300     3.967
  272400     3.945
  272500     3.709
  272600     3.710
  272700     3.667
  272800     3.608
  272900     3.723
  273000     3.607
  273100     3.785
  273200     3.585
  273300     3.653
  273400     3.650
  273500     3.620
  273600     3.777
  273700     3.640
  273800     3.538
  273900     3.805
  274000     3.797
  274100     3.615
  274200     3.623
  274300     3.624
  274400     3.687
  274500     3.651
  274600     3.454
  274700     3.667
  274800     3.771
  274900     3.756
  275000     3.836
  275100     3.950
  275200     3.787
  275300     3.854
  275400     3.827
  275500     3.841
  275600     3.872
  275700     3.914
  275800     3.721
  275900     3.954
  276000     3.796
  276100     3.687
  276200     3.719
  276300     3.700
  276400     3.788
  276500     3.738
  276600     3.790
  276700     3.628
  276800     3.702
  276900     3.747
  277000     3.863
  277100     3.830
  277200     3.892
  277300     4.036
  277400     3.916
  277500     3.914
  277600     3.882
  277700     3.847
  277800     3.819
  277900     3.724
  278000     3.802
  278100     3.580
  278200     3.746
  278300     3.780
  278400     3.909
  278500     3.817
  278600     3.728
  278700     3.994
  278800     4.047
  278900     3.815
  279000     3.720
  279100     3.844
  279200     3.939
  279300     3.860
  279400     3.690
  279500     3.880
  279600     3.877
  279700     3.871
  279800     3.640
  279900     3.835
  280000     3.818
  280100     3.798
  280200     3.987
  280300     3.737
  280400     3.767
  280500     3.620
  280600     3.889
  280700     3.820
  280800     4.001
  280900     3.966
  281000     3.852
  281100     3.854
  281200     3.870
  281300     3.833
  281400     3.690
  281500     3.621
  281600     3.870
  281700     3.810
  281800     3.764
  281900     3.457
  282000     3.811
  282100     3.966
  282200     3.954
  282300     3.628
  282400     3.940
  282500     3.867
  282600     3.712
  282700     3.600
  282800     3.643
  282900     3.582
  283000     3.606
  283100     3.532
  283200     3.840
  283300     3.834
  283400     4.090
  283500     3.864
  283600     3.805
  283700     3.794
  283800     3.840
  283900     3.808
  284000     3.744
  284100     3.874
  284200     3.789
  284300     3.837
  284400     3.762
  284500     3.813
  284600     3.821
  284700     3.835
  284800     3.794
  284900     3.758
  285000     3.764
  285100     3.785
  285200     3.656
  285300     3.751
  285400     3.810
  285500     3.801
  285600     3.725
  285700     3.780
  285800     3.725
  285900     3.718
  286000     3.833
  286100     3.826
  286200     4.017
  286300     3.909
  286400     3.917
  286500     3.716
  286600     3.864
  286700     3.760
  286800     3.838
  286900     3.894
  287000     3.700
  287100     3.673
  287200     3.874
  287300     3.939
  287400     3.876
  287500     3.685
  287600     3.858
  287700     3.912
  287800     3.942
  287900     3.861
  288000     4.039
  288100     3.905
  288200     3.819
  288300     3.627
  288400     3.792
  288500     3.795
  288600     3.835
  288700     3.926
  288800     3.951
  288900     3.920
  289000     3.874
  289100     3.886
  289200     3.851
  289300     3.701
  289400     3.577
  289500     3.745
  289600     3.898
  289700     3.663
  289800     4.065
  289900     3.954
  290000     4.023
  290100     3.982
  290200     3.840
  290300     3.875
  290400     3.949
  290500     4.001
  290600     3.766
  290700     3.838
  290800     3.704
  290900     3.692
  291000     3.768
  291100     3.946
  291200     3.864
  291300     3.778
  291400     3.743
  291500     3.822
  291600     3.865
  291700     3.966
  291800     3.876
  291900     3.847
  292000     3.956
  292100     3.908
  292200     3.920
  292300     3.844
  292400     3.719
  292500     3.708
  292600     3.572
  292700     4.050
  292800     3.606
  292900     3.601
  293000     3.839
  293100     3.649
  293200     3.905
  293300     3.733
  293400     3.595
  293500     3.722
  293600     3.802
  293700     3.809
  293800     3.927
  293900     3.780
  294000     3.966
  294100     3.833
  294200     3.818
  294300     3.772
  294400     3.800
  294500     3.783
  294600     3.707
  294700     3.674
  294800     3.671
  294900     3.615
  295000     3.787
  295100     3.727
  295200     3.829
  295300     3.987
  295400     3.783
  295500     3.796
  295600     3.563
  295700     3.665
  295800     3.716
  295900     3.750
  296000     3.775
  296100     3.937
  296200     3.804
  296300     3.861
  296400     3.908
  296500     3.906
  296600     3.573
  296700     3.856
  296800     3.852
  296900     3.911
  297000     4.015
  297100     3.869
  297200     3.830
  297300     3.870
  297400     3.888
  297500     3.777
  297600     3.749
  297700     3.617
  297800     3.738
  297900     3.707
  298000     3.775
  298100     4.137
  298200     3.850
  298300     3.967
  298400     3.802
  298500     4.052
  298600     3.844
  298700     3.853
  298800     3.803
  298900     3.811
  299000     3.920
  299100     3.810
  299200     3.817
  299300     3.722
  299400     3.767
  299500     4.010
  299600     3.720
  299700     3.889
  299800     3.660
  299900     3.569
  300000     3.711
  300100     3.609
  300200     3.769
  300300     4.035
  300400     3.805
  300500     3.859
  300600     3.881
  300700     3.977
  300800     3.870
  300900     3.905
  301000     3.891
  301100     3.791
  301200     3.774
  301300     3.752
  301400     3.731
  301500     3.738
  301600     3.716
  301700     3.691
  301800     3.784
  301900     3.861
  302000     3.874
  302100     3.868
  302200     3.851
  302300     3.851
  302400     3.973
  302500     3.965
  302600     3.916
  302700     3.887
  302800     3.789
  302900     3.888
  303000     4.038
  303100     4.059
  303200     3.897
  303300     3.790
  303400     3.901
  303500     3.895
  303600     3.851
  303700     3.615
  303800     3.763
  303900     3.812
  304000     3.774
  304100     3.830
  304200     3.756
  304300     3.849
  304400     3.719
  304500     3.799
  304600     3.755
  304700     3.806
  304800     3.643
  304900     3.759
  305000     3.825
  305100     3.854
  305200     3.879
  305300     3.842
  305400     3.948
  305500     3.915
  305600     4.002
  305700     3.876
  305800     3.951
  305900     3.741
  306000     3.778
  306100     3.615
  306200     3.865
  306300     3.716
  306400     3.761
  306500     3.759
  306600     3.745
  306700     3.958
  306800     3.943
  306900     3.790
  307000     3.778
  307100     3.830
  307200     3.988
  307300     3.878
  307400     3.850
  307500     3.750
  307600     3.741
  307700     3.969
  307800     3.766
  307900     3.726
  308000     3.783
  308100     3.906
  308200     3.913
  308300     3.876
  308400     3.773
  308500     3.756
  308600     3.786
  308700     3.752
  308800     3.841
  308900     3.848
  309000     3.865
  309100     4.228
  309200     3.935
  309300     3.829
  309400     3.835
  309500     3.725
  309600     3.772
  309700     3.800
  309800     3.757
  309900     3.707
  310000     3.854
  310100     3.681
  310200     3.860
  310300     3.853
  310400     3.736
  310500     3.798
  310600     3.799
  310700     3.916
  310800     3.850
  310900     3.727
  311000     3.701
  311100     4.006
  311200     3.838
  311300     3.786
  311400     3.613
  311500     3.639
  311600     3.770
  311700     3.652
  311800     3.621
  311900     3.647
  312000     3.630
  312100     3.828
  312200     3.821
  312300     3.742
  312400     3.784
  312500     3.687
  312600     3.824
  312700     3.812
  312800     3.969
  312900     4.036
  313000     4.009
  313100     3.995
  313200     3.743
  313300     3.830
  313400     4.044
  313500     3.843
  313600     3.703
  313700     3.855
  313800     3.820
  313900     3.661
  314000     3.887
  314100     3.977
  314200     3.942
  314300     3.806
  314400     3.959
  314500     3.752
  314600     3.634
  314700     3.848
  314800     3.927
  314900     3.774
  315000     3.864
  315100     3.733
  315200     3.728
  315300     3.878
  315400     4.054
  315500     3.833
  315600     3.786
  315700     3.695
  315800     3.766
  315900     3.647
  316000     3.678
  316100     3.578
  316200     3.646
  316300     3.564
  316400     3.648
  316500     4.014
  316600     3.747
  316700     3.665
  316800     3.739
  316900     3.751
  317000     3.702
  317100     3.730
  317200     3.819
  317300     3.642
  317400     3.609
  317500     3.851
  317600     3.803
  317700     3.823
  317800     3.707
  317900     3.742
  318000     3.720
  318100     3.807
  318200     3.745
  318300     3.725
  318400     3.775
  318500     3.812
  318600     3.853
  318700     3.778
  318800     3.744
  318900     3.748
  319000     3.906
  319100     3.688
  319200     3.847
  319300     3.512
  319400     3.841
  319500     3.697
  319600     3.673
  319700     3.662
  319800     3.954
  319900     3.855
  320000     3.754
  320100     3.876
  320200     3.957
  320300     3.960
  320400     3.832
  320500     3.704
  320600     3.672
  320700     3.785
  320800     3.752
  320900     3.585
  321000     3.628
  321100     3.766
  321200     3.707
  321300     3.767
  321400     3.623
  321500     3.582
  321600     3.758
  321700     3.875
  321800     3.827
  321900     3.751
  322000     3.786
  322100     3.694
  322200     3.721
  322300     3.893
  322400     3.678
  322500     3.672
  322600     3.729
  322700     3.639
  322800     3.499
  322900     3.614
  323000     3.552
  323100     3.864
  323200     3.407
  323300     3.583
  323400     3.343
  323500     3.388
  323600     3.333
  323700     3.574
  323800     3.595
  323900     3.477
  324000     3.608
  324100     3.656
  324200     3.738
  324300     3.653
  324400     3.597
  324500     3.672
  324600     3.691
  324700     3.663
  324800     3.709
  324900     3.799
  325000     3.629
  325100     3.559
  325200     3.827
  325300     3.696
  325400     3.781
  325500     3.817
  325600     3.749
  325700     3.648
  325800     3.826
  325900     3.856
  326000     3.872
  326100     3.861
  326200     3.871
  326300     3.892
  326400     3.791
  326500     3.674
  326600     3.611
  326700     3.689
  326800     3.866
  326900     3.796
  327000     3.732
  327100     3.595
  327200     3.763
  327300     3.719
  327400     3.718
  327500     3.783
  327600     3.968
  327700     3.779
  327800     3.780
  327900     3.733
  328000     3.909
  328100     3.723
  328200     3.764
  328300     3.598
  328400     3.707
  328500     3.679
  328600     3.609
  328700     3.722
  328800     3.688
  328900     3.781
  329000     3.696
  329100     3.837
  329200     3.729
  329300     3.864
  329400     3.854
  329500     3.725
  329600     3.809
  329700     3.675
  329800     3.748
  329900     4.006
  330000     3.800
  330100     3.744
  330200     3.698
  330300     3.693
  330400     3.796
  330500     3.755
  330600     3.962
  330700     4.092
  330800     3.841
  330900     3.721
  331000     3.742
  331100     3.758
  331200     3.824
  331300     3.797
  331400     3.767
  331500     3.762
  331600     3.818
  331700     3.678
  331800     3.816
  331900     3.797
  332000     3.747
  332100     3.633
  332200     3.848
  332300     3.770
  332400     3.609
  332500     3.880
  332600     3.821
  332700     3.926
  332800     4.013
  332900     3.832
  333000     3.898
  333100     3.953
  333200     4.023
  333300     4.040
  333400     3.843
  333500     3.835
  333600     3.942
  333700     3.768
  333800     4.001
  333900     3.925
  334000     3.815
  334100     3.984
  334200     4.223
  334300     4.113
  334400     4.105
  334500     3.945
  334600     3.982
  334700     3.681
  334800     3.721
  334900     3.821
  335000     4.107
  335100     3.907
  335200     3.877
  335300     3.830
  335400     3.851
  335500     3.885
  335600     3.795
  335700     3.714
  335800     3.767
  335900     3.815
  336000     3.895
  336100     3.913
  336200     3.923
  336300     3.741
  336400     3.812
  336500     3.906
  336600     3.775
  336700     3.833
  336800     3.624
  336900     3.773
  337000     3.736
  337100     3.626
  337200     3.499
  337300     3.639
  337400     3.869
  337500     3.981
  337600     3.807
  337700     3.883
  337800     3.961
  337900     3.888
  338000     3.937
  338100     3.672
  338200     3.716
  338300     3.633
  338400     3.501
  338500     3.572
  338600     3.748
  338700     3.559
  338800     3.565
  338900     3.752
  339000     3.797
  339100     3.843
  339200     3.923
  339300     3.828
  339400     3.790
  339500     3.745
  339600     3.719
  339700     3.732
  339800     3.906
  339900     3.960
  340000     3.744
  340100     3.663
  340200     3.789
  340300     3.911
  340400     3.976
  340500     4.085
  340600     3.983
  340700     3.858
  340800     3.804
  340900     3.898
  341000     3.623
  341100     3.693
  341200     3.679
  341300     3.717
  341400     3.815
  341500     3.613
  341600     3.743
  341700     3.555
  341800     3.773
  341900     3.784
  342000     3.822
  342100     3.578
  342200     3.748
  342300     3.741
  342400     3.721
  342500     3.690
  342600     3.629
  342700     3.781
  342800     3.771
  342900     3.741
  343000     3.951
  343100     3.769
  343200     3.707
  343300     3.772
  343400     4.034
  343500     3.670
  343600     3.752
  343700     3.962
  343800     4.092
  343900     3.982
  344000     3.799
  344100     4.010
  344200     3.907
  344300     4.056
  344400     3.848
  344500     3.805
  344600     3.886
  344700     3.951
  344800     3.898
  344900     4.010
  345000     3.900
  345100     3.838
  345200     3.917
  345300     3.865
  345400     3.728
  345500     3.753
  345600     3.725
  345700     3.797
  345800     3.835
  345900     3.943
  346000     4.005
  346100     3.730
  346200     3.745
  346300     3.948
  346400     3.967
  346500     3.965
  346600     3.779
  346700     4.212
  346800     3.926
  346900     3.670
  347000     3.541
  347100     3.757
  347200     3.776
  347300     3.790
  347400     3.903
  347500     3.649
  347600     3.841
  347700     3.681
  347800     3.749
  347900     3.736
  348000     3.923
  348100     3.951
  348200     3.618
  348300     3.827
  348400     3.595
  348500     3.862
  348600     3.866
  348700     3.828
  348800     4.006
  348900     3.845
  349000     3.482
  349100     3.691
  349200     3.806
  349300     3.738
  349400     3.623
  349500     3.759
  349600     3.687
  349700     3.923
  349800     3.681
  349900     3.621
  350000     3.733
  350100     3.702
  350200     3.725
  350300     3.881
  350400     3.665
  350500     3.648
  350600     3.659
  350700     3.680
  350800     3.708
  350900     3.743
  351000     3.824
  351100     3.824
  351200     3.953
  351300     3.961
  351400     3.831
  351500     3.802
  351600     3.879
  351700     3.787
  351800     3.921
  351900     3.780
  352000     3.971
  352100     3.794
  352200     3.923
  352300     4.019
  352400     3.965
  352500     3.908
  352600     3.834
  352700     3.809
  352800     4.136
  352900     3.923
  353000     3.937
  353100     3.783
  353200     3.910
  353300     3.802
  353400     3.781
  353500     3.651
  353600     3.918
  353700     3.684
  353800     3.734
  353900     3.676
  354000     3.845
  354100     3.722
  354200     3.701
  354300     3.707
  354400     3.656
  354500     3.869
  354600     3.882
  354700     3.806
  354800     3.840
  354900     3.787
  355000     3.777
  355100     3.761
  355200     3.872
  355300     3.838
  355400     3.681
  355500     3.720
  355600     3.876
  355700     3.933
  355800     3.842
  355900     3.707
  356000     3.787
  356100     3.647
  356200     3.814
  356300     3.955
  356400     3.815
  356500     3.790
  356600     3.890
  356700     3.800
  356800     3.811
  356900     3.683
  357000     3.680
  357100     4.009
  357200     3.897
  357300     3.808
  357400     3.737
  357500     3.791
  357600     3.758
  357700     3.543
  357800     3.861
  357900     3.762
  358000     3.630
  358100     3.455
  358200     3.578
  358300     3.447
  358400     3.781
  358500     3.758
  358600     3.714
  358700     3.819
  358800     3.718
  358900     3.984
  359000     3.926
  359100     3.990
  359200     3.500
  359300     3.662
  359400     3.790
  359500     3.702
  359600     3.748
  359700     3.930
  359800     3.708
  359900     3.801
  360000     3.999
  360100     3.901
  360200     4.002
  360300     3.941
  360400     3.958
  360500     3.868
  360600     3.952
  360700     3.923
  360800     3.819
  360900     3.875
  361000     3.899
  361100     3.863
  361200     3.773
  361300     3.631
  361400     3.898
  361500     3.607
  361600     3.790
  361700     3.872
  361800     3.861
  361900     3.670
  362000     3.856
  362100     3.626
  362200     3.705
  362300     3.750
  362400     3.727
  362500     3.778
  362600     3.634
  362700     3.670
  362800     3.525
  362900     3.598
  363000     3.757
  363100     3.608
  363200     3.680
  363300     3.752
  363400     3.846
  363500     3.684
  363600     3.855
  363700     4.068
  363800     3.849
  363900     3.877
  364000     3.865
  364100     3.900
  364200     3.724
  364300     3.648
  364400     3.942
  364500     3.760
  364600     3.601
  364700     3.626
  364800     3.474
  364900     3.471
  365000     3.773
  365100     3.866
  365200     4.060
  365300     3.767
  365400     3.806
  365500     3.794
  365600     3.656
  365700     3.588
  365800     3.742
  365900     3.818
  366000     3.901
  366100     3.848
  366200     3.922
  366300     3.916
  366400     3.867
  366500     3.951
  366600     4.101
  366700     4.053
  366800     4.061
  366900     3.692
  367000     3.694
  367100     3.658
  367200     3.670
  367300     3.670
  367400     3.873
  367500     3.782
  367600     3.781
  367700     3.828
  367800     3.898
  367900     3.788
  368000     3.827
  368100     3.652
  368200     3.805
  368300     3.829
  368400     3.683
  368500     3.694
  368600     3.985
  368700     3.796
  368800     3.846
  368900     3.820
  369000     3.913
  369100     3.953
  369200     3.866
  369300     3.936
  369400     3.654
  369500     3.686
  369600     3.832
  369700     3.764
  369800     3.834
  369900     3.893
  370000     3.658
  370100     3.623
  370200     3.819
  370300     3.672
  370400     3.757
  370500     3.513
  370600     3.789
  370700     3.856
  370800     3.856
  370900     3.914
  371000     3.931
  371100     3.871
  371200     4.147
  371300     3.836
  371400     3.782
  371500     3.710
  371600     3.533
  371700     3.895
  371800     3.788
  371900     3.839
  372000     3.571
  372100     3.614
  372200     3.645
  372300     3.625
  372400     3.759
  372500     3.725
  372600     3.676
  372700     3.658
  372800     3.651
  372900     3.615
  373000     3.626
  373100     3.889
  373200     3.884
  373300     3.738
  373400     3.740
  373500     4.163
  373600     3.956
  373700     3.852
  373800     3.930
  373900     3.655
  374000     3.817
  374100     3.510
  374200     3.602
  374300     3.557
  374400     3.817
  374500     3.773
  374600     3.674
  374700     3.604
  374800     3.739
  374900     3.931
  375000     3.669
  375100     3.646
  375200     3.761
  375300     3.883
  375400     3.729
  375500     3.791
  375600     3.843
  375700     3.902
  375800     3.926
  375900     3.957
  376000     3.937
  376100     3.641
  376200     3.609
  376300     3.918
  376400     3.741
  376500     3.823
  376600     3.665
  376700     3.571
  376800     3.578
  376900     3.787
  377000     3.913
  377100     3.830
  377200     4.010
  377300     3.840
  377400     3.561
  377500     3.821
  377600     3.798
  377700     3.865
  377800     3.877
  377900     3.900
  378000     3.879
  378100     3.738
  378200     3.744
  378300     3.719
  378400     3.728
  378500     3.827
  378600     3.962
  378700     4.046
  378800     3.819
  378900     3.997
  379000     4.060
  379100     3.736
  379200     3.746
  379300     3.671
  379400     3.663
  379500     3.701
  379600     3.663
  379700     3.852
  379800     3.799
  379900     3.834
  380000     3.869
  380100     3.879
  380200     4.022
  380300     3.880
  380400     3.801
  380500     3.909
  380600     3.981
  380700     3.850
  380800     3.817
  380900     4.045
  381000     3.718
  381100     3.619
  381200     3.714
  381300     3.701
  381400     3.739
  381500     3.751
  381600     3.732
  381700     3.886
  381800     3.754
  381900     3.757
  382000     3.944
  382100     3.760
  382200     3.845
  382300     3.978
  382400     3.934
  382500     3.813
  382600     3.831
  382700     3.713
  382800     3.761
  382900     3.709
  383000     3.821
  383100     4.017
  383200     3.734
  383300     3.805
  383400     3.714
  383500     3.900
  383600     3.813
  383700     3.809
  383800     3.692
  383900     3.780
  384000     3.758
  384100     3.783
  384200     3.805
  384300     3.736
  384400     3.858
  384500     3.908
  384600     3.750
  384700     3.776
  384800     3.617
  384900     3.813
  385000     3.846
  385100     3.684
  385200     3.800
  385300     3.836
  385400     3.814
  385500     3.875
  385600     3.862
  385700     3.727
  385800     3.969
  385900     4.018
  386000     3.887
  386100     3.875
  386200     3.879
  386300     3.642
  386400     3.512
  386500     3.469
  386600     3.671
  386700     3.738
  386800     3.715
  386900     3.716
  387000     3.851
  387100     3.787
  387200     3.813
  387300     3.843
  387400     3.565
  387500     3.719
  387600     3.553
  387700     3.798
  387800     3.676
  387900     3.681
  388000     3.725
  388100     3.802
  388200     3.666
  388300     3.550
  388400     3.869
  388500     3.765
  388600     3.937
  388700     3.540
  388800     3.818
  388900     3.795
  389000     3.886
  389100     3.685
  389200     3.910
  389300     3.960
  389400     3.699
  389500     3.684
  389600     3.972
  389700     3.842
  389800     3.785
  389900     4.026
  390000     3.936
  390100     3.825
  390200     3.721
  390300     3.729
  390400     3.712
  390500     3.577
  390600     3.676
  390700     3.644
  390800     3.649
  390900     3.900
  391000     3.783
  391100     3.673
  391200     3.742
  391300     3.955
  391400     3.887
  391500     3.776
  391600     3.752
  391700     3.403
  391800     3.794
  391900     3.621
  392000     3.787
  392100     3.654
  392200     3.688
  392300     3.652
  392400     3.610
  392500     3.660
  392600     3.694
  392700     3.886
  392800     4.001
  392900     3.869
  393000     3.807
  393100     3.749
  393200     3.745
  393300     3.925
  393400     3.861
  393500     3.847
  393600     3.913
  393700     3.912
  393800     3.704
  393900     3.863
  394000     4.037
  394100     3.961
  394200     4.039
  394300     3.930
  394400     3.811
  394500     3.808
  394600     3.816
  394700     3.952
  394800     3.919
  394900     3.812
  395000     3.793
  395100     3.784
  395200     3.716
  395300     3.540
  395400     3.786
  395500     3.924
  395600     4.025
  395700     4.030
  395800     3.890
  395900     3.915
  396000     3.968
  396100     3.816
  396200     3.896
  396300     3.767
  396400     3.897
  396500     3.769
  396600     3.797
  396700     3.819
  396800     3.929
  396900     3.834
  397000     3.794
  397100     3.793
  397200     3.955
  397300     3.740
  397400     3.835
  397500     3.754
  397600     3.690
  397700     3.757
  397800     3.744
  397900     3.597
  398000     3.737
  398100     3.813
  398200     3.777
  398300     3.760
  398400     3.839
  398500     3.875
  398600     3.648
  398700     3.711
  398800     3.827
  398900     3.938
  399000     3.693
  399100     3.611
  399200     3.854
  399300     3.919
  399400     3.782
  399500     3.740
  399600     3.814
  399700     4.051
  399800     3.941
  399900     3.677
  400000     3.780
  400100     3.793
  400200     3.768
  400300     3.434
  400400     3.572
  400500     3.615
  400600     3.898
  400700     3.705
  400800     3.774
  400900     3.711
  401000     3.750
  401100     3.852
  401200     3.743
  401300     3.864
  401400     3.547
  401500     3.772
  401600     3.754
  401700     3.616
  401800     3.757
  401900     3.703
  402000     3.781
  402100     3.894
  402200     3.875
  402300     3.908
  402400     3.796
  402500     3.749
  402600     3.635
  402700     3.734
  402800     3.522
  402900     3.478
  403000     3.932
  403100     3.902
  403200     3.785
  403300     3.769
  403400     3.994
  403500     4.021
  403600     4.077
  403700     4.169
  403800     3.781
  403900     3.704
  404000     3.637
  404100     3.904
  404200     3.759
  404300     3.650
  404400     3.793
  404500     3.789
  404600     3.962
  404700     3.770
  404800     3.905
  404900     3.808
  405000     3.668
  405100     3.628
  405200     3.906
  405300     3.753
  405400     3.741
  405500     3.971
  405600     3.927
  405700     3.821
  405800     3.699
  405900     3.833
  406000     3.743
  406100     3.568
  406200     3.722
  406300     3.616
  406400     3.580
  406500     3.810
  406600     3.943
  406700     3.746
  406800     3.753
  406900     3.798
  407000     3.952
  407100     3.752
  407200     3.873
  407300     3.848
  407400     3.780
  407500     3.686
  407600     3.746
  407700     3.783
  407800     3.718
  407900     3.691
  408000     4.237
  408100     4.001
  408200     3.615
  408300     3.962
  408400     3.768
  408500     3.868
  408600     3.853
  408700     4.016
  408800     4.031
  408900     3.863
  409000     3.925
  409100     3.812
  409200     3.859
  409300     3.846
  409400     3.821
  409500     3.920
  409600     3.680
  409700     3.926
  409800     3.667
  409900     3.703
  410000     3.775
  410100     3.742
  410200     3.684
  410300     3.558
  410400     3.756
  410500     3.588
  410600     3.671
  410700     3.808
  410800     3.830
  410900     3.907
  411000     3.945
  411100     3.935
  411200     3.648
  411300     3.963
  411400     3.799
  411500     3.791
  411600     3.651
  411700     3.720
  411800     3.809
  411900     3.936
  412000     3.726
  412100     3.954
  412200     3.915
  412300     3.934
  412400     3.891
  412500     3.829
  412600     3.853
  412700     3.900
  412800     3.962
  412900     3.726
  413000     3.732
  413100     3.892
  413200     3.803
  413300     3.832
  413400     3.862
  413500     3.835
  413600     3.607
  413700     3.640
  413800     3.845
  413900     3.727
  414000     3.906
  414100     3.989
  414200     3.935
  414300     3.909
  414400     3.617
  414500     3.655
  414600     3.768
  414700     3.585
  414800     3.711
  414900     3.859
  415000     3.852
  415100     3.669
  415200     3.665
  415300     3.695
  415400     3.779
  415500     3.991
  415600     3.977
  415700     3.880
  415800     3.919
  415900     3.902
  416000     3.906
  416100     3.789
  416200     3.796
  416300     3.800
  416400     3.923
  416500     3.872
  416600     3.785
  416700     4.075
  416800     3.892
  416900     3.842
  417000     3.685
  417100     3.781
  417200     3.889
  417300     3.739
  417400     3.683
  417500     3.617
  417600     3.767
  417700     3.792
  417800     3.656
  417900     3.728
  418000     3.922
  418100     3.770
  418200     3.758
  418300     3.764
  418400     3.851
  418500     3.595
  418600     3.640
  418700     3.840
  418800     3.984
  418900     3.846
  419000     3.988
  419100     3.981
  419200     3.928
  419300     3.903
  419400     3.574
  419500     3.726
  419600     3.971
  419700     3.796
  419800     3.771
  419900     3.854
  420000     3.762
  420100     3.785
  420200     3.785
  420300     3.785
  420400     3.650
  420500     3.660
  420600     3.622
  420700     3.971
  420800     3.652
  420900     3.870
  421000     3.775
  421100     4.048
  421200     3.818
  421300     3.886
  421400     3.821
  421500     3.816
  421600     3.766
  421700     3.873
  421800     3.624
  421900     3.840
  422000     3.793
  422100     4.027
  422200     3.731
  422300     3.652
  422400     3.930
  422500     3.970
  422600     3.815
  422700     3.673
  422800     3.972
  422900     3.772
  423000     3.571
  423100     3.667
  423200     3.644
  423300     3.792
  423400     3.584
  423500     3.949
  423600     3.749
  423700     3.874
  423800     3.921
  423900     3.655
  424000     3.717
  424100     3.611
  424200     3.850
  424300     3.842
  424400     3.891
  424500     3.779
  424600     3.815
  424700     4.040
  424800     4.033
  424900     3.739
  425000     3.546
  425100     3.801
  425200     3.850
  425300     3.876
  425400     3.959
  425500     3.992
  425600     3.852
  425700     3.797
  425800     3.895
  425900     3.810
  426000     3.830
  426100     3.808
  426200     3.778
  426300     3.643
  426400     3.583
  426500     3.748
  426600     3.861
  426700     3.677
  426800     3.623
  426900     3.846
  427000     3.645
  427100     3.829
  427200     3.858
  427300     3.720
  427400     3.608
  427500     3.706
  427600     3.758
  427700     3.728
  427800     3.654
  427900     3.658
  428000     3.649
  428100     3.829
  428200     3.841
  428300     3.811
  428400     3.944
  428500     3.834
  428600     3.774
  428700     3.938
  428800     3.934
  428900     3.950
  429000     3.703
  429100     3.720
  429200     3.800
  429300     3.913
  429400     3.806
  429500     3.808
  429600     3.954
  429700     3.823
  429800     3.954
  429900     3.870
  430000     3.870
  430100     3.789
  430200     3.862
  430300     3.778
  430400     3.844
  430500     3.816
  430600     3.849
  430700     3.696
  430800     3.705
  430900     3.658
  431000     3.550
  431100     3.687
  431200     3.855
  431300     3.734
  431400     3.977
  431500     3.765
  431600     3.851
  431700     3.970
  431800     3.788
  431900     4.150
  432000     3.923
  432100     4.147
  432200     4.059
  432300     3.942
  432400     3.813
  432500     3.905
  432600     3.899
  432700     3.860
  432800     3.774
  432900     4.020
  433000     3.718
  433100     3.636
  433200     3.679
  433300     3.701
  433400     3.727
  433500     3.961
  433600     3.978
  433700     4.099
  433800     3.982
  433900     3.813
  434000     3.859
  434100     3.876
  434200     3.666
  434300     3.755
  434400     3.878
  434500     3.744
  434600     3.760
  434700     3.852
  434800     3.747
  434900     3.945
  435000     3.725
  435100     3.763
  435200     3.673
  435300     3.748
  435400     3.729
  435500     3.696
  435600     3.877
  435700     3.724
  435800     3.692
  435900     3.723
  436000     3.559
  436100     3.493
  436200     3.722
  436300     3.767
  436400     3.650
  436500     3.704
  436600     3.627
  436700     3.746
  436800     3.907
  436900     3.731
  437000     3.688
  437100     3.782
  437200     3.571
  437300     3.736
  437400     3.804
  437500     3.655
  437600     3.777
  437700     3.811
  437800     3.860
  437900     3.861
  438000     3.745
  438100     3.718
  438200     3.705
  438300     3.985
  438400     3.887
  438500     3.807
  438600     3.816
  438700     3.885
  438800     3.742
  438900     3.850
  439000     3.798
  439100     3.819
  439200     3.799
  439300     3.918
  439400     3.786
  439500     3.790
  439600     3.706
  439700     3.723
  439800     3.807
  439900     3.663
  440000     3.742
  440100     3.754
  440200     3.852
  440300     3.909
  440400     3.819
  440500     3.831
  440600     3.845
  440700     3.928
  440800     4.276
  440900     4.163
  441000     4.039
  441100     3.887
  441200     3.729
  441300     3.710
  441400     3.872
  441500     3.638
  441600     3.498
  441700     3.584
  441800     3.740
  441900     3.750
  442000     3.694
  442100     3.744
  442200     3.833
  442300     3.712
  442400     3.724
  442500     3.881
  442600     3.724
  442700     3.724
  442800     3.733
  442900     3.796
  443000     3.753
  443100     3.656
  443200     3.607
  443300     3.592
  443400     3.797
  443500     3.759
  443600     3.633
  443700     3.553
  443800     3.571
  443900     3.755
  444000     3.960
  444100     3.751
  444200     3.730
  444300     3.577
  444400     3.629
  444500     3.814
  444600     3.888
  444700     3.799
  444800     3.900
  444900     3.843
  445000     3.839
  445100     3.927
  445200     3.743
  445300     3.716
  445400     3.852
  445500     3.769
  445600     3.744
  445700     3.865
  445800     3.907
  445900     3.961
  446000     4.184
  446100     4.144
  446200     4.101
  446300     4.106
  446400     4.023
  446500     3.953
  446600     4.022
  446700     3.953
  446800     3.838
  446900     3.889
  447000     3.592
  447100     3.690
  447200     3.857
  447300     3.785
  447400     3.802
  447500     3.858
  447600     3.848
  447700     3.667
  447800     3.984
  447900     3.825
  448000     3.701
  448100     3.797
  448200     3.739
  448300     3.594
  448400     3.580
  448500     3.733
  448600     3.997
  448700     3.942
  448800     3.783
  448900     3.867
  449000     3.901
  449100     3.825
  449200     3.604
  449300     3.731
  449400     3.918
  449500     3.752
  449600     3.771
  449700     3.936
  449800     3.769
  449900     3.889
  450000     3.712
  450100     3.681
  450200     3.786
  450300     3.667
  450400     3.533
  450500     3.825
  450600     3.866
  450700     3.959
  450800     3.698
  450900     3.655
  451000     3.806
  451100     3.942
  451200     3.886
  451300     3.902
  451400     3.962
  451500     3.849
  451600     3.923
  451700     3.705
  451800     3.841
  451900     3.647
  452000     3.730
  452100     3.735
  452200     3.690
  452300     3.667
  452400     3.610
  452500     3.615
  452600     3.615
  452700     3.798
  452800     3.717
  452900     3.684
  453000     3.798
  453100     3.998
  453200     3.866
  453300     3.794
  453400     3.864
  453500     3.802
  453600     3.682
  453700     3.682
  453800     3.727
  453900     3.620
  454000     3.797
  454100     3.800
  454200     3.626
  454300     3.761
  454400     3.529
  454500     3.704
  454600     3.828
  454700     3.814
  454800     3.761
  454900     3.774
  455000     3.658
  455100     3.555
  455200     3.725
  455300     3.790
  455400     3.760
  455500     3.867
  455600     3.881
  455700     4.124
  455800     4.030
  455900     3.821
  456000     3.871
  456100     3.799
  456200     3.927
  456300     3.886
  456400     3.794
  456500     3.990
  456600     3.788
  456700     3.858
  456800     3.794
  456900     3.932
  457000     3.901
  457100     3.836
  457200     3.965
  457300     4.004
  457400     4.037
  457500     3.801
  457600     3.910
  457700     3.811
  457800     3.746
  457900     3.845
  458000     4.040
  458100     3.790
  458200     3.877
  458300     3.812
  458400     3.814
  458500     3.914
  458600     4.014
  458700     3.523
  458800     3.622
  458900     3.843
  459000     3.908
  459100     4.142
  459200     4.008
  459300     3.598
  459400     3.601
  459500     3.635
  459600     3.785
  459700     3.640
  459800     3.578
  459900     3.914
  460000     3.720
  460100     3.697
  460200     3.611
  460300     3.756
  460400     3.706
  460500     3.756
  460600     3.866
  460700     3.681
  460800     3.775
  460900     3.785
  461000     3.776
  461100     3.827
  461200     3.696
  461300     3.695
  461400     3.597
  461500     3.805
  461600     3.853
  461700     4.005
  461800     3.778
  461900     3.532
  462000     3.577
  462100     3.710
  462200     3.879
  462300     3.976
  462400     3.684
  462500     3.848
  462600     3.941
  462700     3.684
  462800     3.808
  462900     3.832
  463000     3.674
  463100     3.866
  463200     3.772
  463300     3.663
  463400     3.730
  463500     4.014
  463600     3.919
  463700     3.691
  463800     3.646
  463900     3.593
  464000     3.755
  464100     3.950
  464200     3.623
  464300     3.671
  464400     3.927
  464500     3.764
  464600     3.675
  464700     3.892
  464800     3.916
  464900     3.809
  465000     3.862
  465100     3.763
  465200     3.651
  465300     3.753
  465400     3.602
  465500     3.884
  465600     3.830
  465700     3.852
  465800     3.914
  465900     3.694
  466000     3.808
  466100     3.849
  466200     3.711
  466300     3.700
  466400     3.797
  466500     3.887
  466600     3.872
  466700     3.857
  466800     3.723
  466900     3.925
  467000     3.837
  467100     3.718
  467200     3.786
  467300     3.807
  467400     3.629
  467500     3.848
  467600     3.766
  467700     3.882
  467800     3.679
  467900     3.775
  468000     3.748
  468100     3.745
  468200     3.649
  468300     3.663
  468400     4.014
  468500     3.810
  468600     3.721
  468700     3.825
  468800     3.808
  468900     3.870
  469000     3.646
  469100     3.952
  469200     3.746
  469300     3.737
  469400     3.870
  469500     3.923
  469600     3.899
  469700     3.783
  469800     3.860
  469900     3.759
  470000     3.708
  470100     3.859
  470200     3.628
  470300     3.800
  470400     3.684
  470500     3.618
  470600     3.647
  470700     3.760
  470800     3.963
  470900     3.784
  471000     3.771
  471100     3.749
  471200     3.590
  471300     3.766
  471400     4.065
  471500     3.919
  471600     3.879
  471700     3.587
  471800     3.842
  471900     3.841
  472000     3.711
  472100     3.763
  472200     3.750
  472300     3.858
  472400     3.743
  472500     3.822
  472600     3.749
  472700     3.965
  472800     3.821
  472900     3.904
  473000     3.712
  473100     3.781
  473200     3.742
  473300     3.955
  473400     3.844
  473500     3.752
  473600     3.884
  473700     3.924
  473800     3.874
  473900     3.895
  474000     3.867
  474100     3.834
  474200     3.898
  474300     4.003
  474400     3.765
  474500     3.960
  474600     3.934
  474700     4.063
  474800     3.836
  474900     3.986
  475000     3.917
  475100     4.006
  475200     3.933
  475300     4.081
  475400     3.944
  475500     3.799
  475600     3.845
  475700     3.682
  475800     3.680
  475900     3.801
  476000     3.583
  476100     3.766
  476200     3.758
  476300     3.894
  476400     3.707
  476500     3.647
  476600     3.659
  476700     3.538
  476800     3.577
  476900     3.954
  477000     3.655
  477100     3.779
  477200     3.605
  477300     3.678
  477400     3.700
  477500     3.713
  477600     3.928
  477700     3.770
  477800     3.889
  477900     3.812
  478000     3.782
  478100     3.840
  478200     3.807
  478300     4.015
  478400     3.897
  478500     3.885
  478600     3.719
  478700     3.853
  478800     3.820
  478900     3.821
  479000     3.598
  479100     3.798
  479200     3.768
  479300     3.596
  479400     3.759
  479500     3.521
  479600     3.740
  479700     3.735
  479800     3.807
  479900     3.804
  480000     3.792
  480100     3.688
  480200     3.779
  480300     3.842
  480400     3.798
  480500     3.585
  480600     3.757
  480700     3.685
  480800     3.779
  480900     3.701
  481000     4.039
  481100     3.840
  481200     3.753
  481300     3.752
  481400     3.854
  481500     3.926
  481600     3.968
  481700     3.865
  481800     3.862
  481900     3.860
  482000     3.795
  482100     3.850
  482200     4.004
  482300     4.040
  482400     3.783
  482500     3.833
  482600     3.930
  482700     3.986
  482800     4.150
  482900     4.062
  483000     3.990
  483100     3.907
  483200     3.933
  483300     3.885
  483400     3.565
  483500     3.577
  483600     3.820
  483700     3.672
  483800     3.683
  483900     3.682
  484000     3.832
  484100     3.723
  484200     3.803
  484300     3.774
  484400     3.968
  484500     3.895
  484600     4.038
  484700     3.991
  484800     3.916
  484900     3.912
  485000     3.965
  485100     3.733
  485200     3.906
  485300     3.927
  485400     3.861
  485500     3.820
  485600     3.744
  485700     3.916
  485800     3.787
  485900     3.754
  486000     3.777
  486100     3.634
  486200     3.931
  486300     3.790
  486400     3.702
  486500     3.816
  486600     3.662
  486700     3.819
  486800     3.791
  486900     3.723
  487000     3.771
  487100     3.960
  487200     3.993
  487300     3.803
  487400     3.727
  487500     3.682
  487600     3.824
  487700     3.759
  487800     3.807
  487900     3.715
  488000     3.854
  488100     3.748
  488200     3.840
  488300     3.913
  488400     3.608
  488500     3.808
  488600     3.712
  488700     3.663
  488800     3.585
  488900     3.773
  489000     3.759
  489100     3.752
  489200     3.602
  489300     3.569
  489400     3.723
  489500     3.841
  489600     3.954
  489700     3.863
  489800     3.846
  489900     3.861
  490000     3.820
  490100     3.736
  490200     3.764
  490300     3.931
  490400     3.806
  490500     3.689
  490600     3.734
  490700     3.862
  490800     3.708
  490900     3.659
  491000     3.753
  491100     3.533
  491200     3.602
  491300     3.768
  491400     3.843
  491500     3.671
  491600     3.711
  491700     3.814
  491800     3.954
  491900     4.000
  492000     3.721
  492100     3.818
  492200     3.929
  492300     3.879
  492400     3.798
  492500     3.936
  492600     3.892
  492700     3.943
  492800     3.789
  492900     3.811
  493000     3.816
  493100     3.697
  493200     3.741
  493300     3.763
  493400     3.784
  493500     3.501
  493600     3.636
  493700     3.739
  493800     3.782
  493900     3.867
  494000     3.757
  494100     3.699
  494200     3.760
  494300     3.944
  494400     3.583
  494500     4.026
  494600     3.946
  494700     3.788
  494800     3.769
  494900     3.821
  495000     3.772
  495100     3.673
  495200     3.873
  495300     3.791
  495400     4.005
  495500     3.790
  495600     3.891
  495700     4.159
  495800     3.799
  495900     3.801
  496000     3.866
  496100     3.763
  496200     3.792
  496300     3.806
  496400     3.937
  496500     3.661
  496600     3.726
  496700     3.844
  496800     3.888
  496900     3.766
  497000     3.584
  497100     3.648
  497200     3.812
  497300     3.551
  497400     3.943
  497500     3.830
  497600     3.835
  497700     3.833
  497800     3.979
  497900     3.810
  498000     3.843
  498100     3.705
  498200     3.831
  498300     3.721
  498400     3.840
  498500     3.795
  498600     3.740
  498700     3.848
  498800     3.790
  498900     3.927
  499000     3.960
  499100     3.936
  499200     3.940
  499300     3.665
  499400     3.998
  499500     4.046
  499600     3.877
  499700     3.938
  499800     4.136
  499900     3.878
