       0     4.046
    1000     4.412
    2000     4.387
    3000     4.636
    4000     4.402
    5000     4.600
    6000     4.462
    7000     4.429
    8000     4.353
    9000     4.256
   10000     4.565
   11000     4.292
   12000     4.610
   13000     4.599
   14000     4.577
   15000     4.532
   16000     4.442
   17000     4.627
   18000     4.444
   19000     4.340
   20000     4.425
   21000     4.118
   22000     4.479
   23000     4.374
   24000     4.692
   25000     4.430
   26000     4.403
   27000     4.281
   28000     4.440
   29000     4.514
   30000     4.548
   31000     4.397
   32000     4.433
   33000     4.435
   34000     4.286
   35000     4.572
   36000     4.426
   37000     4.172
   38000     4.353
   39000     4.369
   40000     4.374
   41000     4.462
   42000     4.232
   43000     4.537
   44000     4.511
   45000     4.412
   46000     4.532
   47000     4.446
   48000     4.477
   49000     4.313
   50000     4.347
   51000     4.443
   52000     4.622
   53000     4.409
   54000     4.193
   55000     4.437
   56000     4.336
   57000     4.207
   58000     4.487
   59000     4.349
   60000     4.292
   61000     4.417
   62000     4.360
   63000     4.366
   64000     4.206
   65000     4.548
   66000     4.204
   67000     4.501
   68000     4.261
   69000     4.329
   70000     4.408
   71000     4.607
   72000     4.229
   73000     4.602
   74000     4.359
   75000     4.248
   76000     4.619
   77000     4.543
   78000     4.500
   79000     4.447
   80000     4.514
   81000     4.441
   82000     4.436
   83000     4.196
   84000     4.529
   85000     4.359
   86000     4.399
   87000     4.298
   88000     4.474
   89000     4.404
   90000     4.383
   91000     4.316
   92000     4.512
   93000     4.505
   94000     4.266
   95000     4.241
   96000     4.203
   97000     4.369
   98000     4.239
   99000     4.355
  100000     4.521
  101000     4.466
  102000     4.622
  103000     4.456
  104000     4.393
  105000     4.369
  106000     4.573
  107000     4.414
  108000     4.439
  109000     4.562
  110000     4.489
  111000     4.601
  112000     4.238
  113000     4.087
  114000     4.580
  115000     4.507
  116000     4.432
  117000     4.372
  118000     4.678
  119000     4.207
  120000     4.460
  121000     4.528
  122000     4.504
  123000     4.353
  124000     4.474
  125000     4.435
  126000     4.338
  127000     4.401
  128000     4.305
  129000     4.504
  130000     4.306
  131000     4.108
  132000     4.702
  133000     4.424
  134000     4.283
  135000     4.336
  136000     4.502
  137000     4.446
  138000     4.113
  139000     4.638
  140000     4.435
  141000     4.753
  142000     4.632
  143000     4.749
  144000     4.376
  145000     4.320
  146000     4.405
  147000     4.186
  148000     4.458
  149000     4.297
  150000     4.485
  151000     4.522
  152000     4.464
  153000     4.471
  154000     4.400
  155000     4.700
  156000     4.622
  157000     4.475
  158000     4.427
  159000     4.254
  160000     4.225
  161000     4.370
  162000     4.583
  163000     4.258
  164000     4.575
  165000     4.288
  166000     4.471
  167000     4.585
  168000     4.610
  169000     4.642
  170000     4.134
  171000     4.183
  172000     4.289
  173000     4.492
  174000     4.363
  175000     4.499
  176000     4.528
  177000     4.410
  178000     4.588
  179000     4.189
  180000     4.615
  181000     4.489
  182000     4.527
  183000     4.343
  184000     4.760
  185000     4.323
  186000     4.394
  187000     4.638
  188000     4.521
  189000     4.314
  190000     4.602
  191000     4.536
  192000     4.342
  193000     4.512
  194000     4.379
  195000     4.305
  196000     4.393
  197000     4.386
  198000     4.347
  199000     4.385
  200000     4.866
  201000     4.361
  202000     4.394
  203000     4.675
  204000     4.473
  205000     4.421
  206000     4.432
  207000     4.446
  208000     4.448
  209000     4.736
  210000     4.502
  211000     4.599
  212000     4.427
  213000     4.364
  214000     4.194
  215000     4.563
  216000     4.651
  217000     4.492
  218000     4.282
  219000     4.305
  220000     4.413
  221000     4.515
  222000     4.426
  223000     4.303
  224000     4.439
  225000     4.562
  226000     4.297
  227000     4.448
  228000     4.422
  229000     4.479
  230000     4.326
  231000     4.328
  232000     4.249
  233000     4.294
  234000     4.644
  235000     4.595
  236000     4.377
  237000     4.143
  238000     4.527
  239000     4.605
  240000     4.595
  241000     4.510
  242000     4.432
  243000     4.445
  244000     4.465
  245000     4.120
  246000     4.629
  247000     4.624
  248000     4.508
  249000     4.442
  250000     4.280
  251000     4.464
  252000     4.398
  253000     4.414
  254000     4.299
  255000     4.417
  256000     4.708
  257000     4.584
  258000     4.792
  259000     4.629
  260000     4.638
  261000     4.543
  262000     4.393
  263000     4.540
  264000     4.234
  265000     4.442
  266000     4.406
  267000     4.269
  268000     4.659
  269000     4.535
  270000     4.465
  271000     4.196
  272000     4.288
  273000     4.249
  274000     4.549
  275000     4.693
  276000     4.390
  277000     4.367
  278000     4.566
  279000     4.337
  280000     4.374
  281000     4.433
  282000     4.278
  283000     4.704
  284000     4.393
  285000     4.568
  286000     4.564
  287000     4.722
  288000     4.777
  289000     4.483
  290000     4.716
  291000     4.716
  292000     4.499
  293000     4.428
  294000     4.354
  295000     4.645
  296000     4.506
  297000     4.580
  298000     4.508
  299000     4.361
  300000     4.362
  301000     4.499
  302000     4.605
  303000     4.644
  304000     4.139
  305000     4.500
  306000     4.410
  307000     4.312
  308000     4.476
  309000     4.552
  310000     4.615
  311000     4.528
  312000     4.502
  313000     4.441
  314000     4.491
  315000     4.406
  316000     4.605
  317000     4.397
  318000     4.352
  319000     4.523
  320000     4.581
  321000     4.412
  322000     4.516
  323000     4.788
  324000     4.505
  325000     4.408
  326000     4.690
  327000     4.437
  328000     4.495
  329000     4.327
  330000     4.703
  331000     4.300
  332000     4.198
  333000     4.536
  334000     4.470
  335000     4.352
  336000     4.719
  337000     4.318
  338000     4.448
  339000     4.401
  340000     4.570
  341000     4.495
  342000     4.267
  343000     4.624
  344000     4.338
  345000     4.268
  346000     4.578
  347000     4.338
  348000     4.289
  349000     4.383
  350000     4.385
  351000     4.409
  352000     4.438
  353000     4.538
  354000     4.582
  355000     4.570
  356000     4.552
  357000     4.723
  358000     4.301
  359000     4.385
  360000     4.591
  361000     4.763
  362000     4.432
  363000     4.779
  364000     4.285
  365000     4.545
  366000     4.634
  367000     4.368
  368000     4.427
  369000     4.332
  370000     4.221
  371000     4.824
  372000     4.747
  373000     4.554
  374000     4.605
  375000     4.620
  376000     4.446
  377000     4.139
  378000     4.452
  379000     4.485
  380000     4.307
  381000     4.412
  382000     4.469
  383000     4.456
  384000     4.362
  385000     4.666
  386000     4.522
  387000     4.638
  388000     4.411
  389000     4.637
  390000     4.318
  391000     4.300
  392000     4.466
  393000     4.657
  394000     4.594
  395000     4.480
  396000     4.544
  397000     4.641
  398000     4.177
  399000     4.372
  400000     4.495
  401000     4.591
  402000     4.528
  403000     4.373
  404000     4.296
  405000     4.487
  406000     4.455
  407000     4.309
  408000     4.313
  409000     4.641
  410000     4.175
  411000     4.323
  412000     4.493
  413000     4.478
  414000     4.288
  415000     4.280
  416000     4.645
  417000     4.378
  418000     4.426
  419000     4.315
  420000     4.562
  421000     4.514
  422000     4.773
  423000     4.363
  424000     4.409
  425000     4.490
  426000     4.366
  427000     4.332
  428000     4.518
  429000     4.504
  430000     4.444
  431000     4.390
  432000     4.397
  433000     4.509
  434000     4.472
  435000     4.382
  436000     4.557
  437000     4.443
  438000     4.432
  439000     4.468
  440000     4.308
  441000     4.326
  442000     4.362
  443000     4.343
  444000     4.557
  445000     4.588
  446000     4.539
  447000     4.366
  448000     4.489
  449000     4.424
  450000     4.420
  451000     4.448
  452000     4.600
  453000     4.302
  454000     4.863
  455000     4.661
  456000     4.701
  457000     4.359
  458000     4.290
  459000     4.381
  460000     4.741
  461000     4.432
  462000     4.453
  463000     4.375
  464000     4.606
  465000     4.118
  466000     4.616
  467000     4.775
  468000     4.741
  469000     4.664
  470000     4.616
  471000     4.503
  472000     4.394
  473000     4.411
  474000     4.144
  475000     4.338
  476000     4.197
  477000     4.425
  478000     4.630
  479000     4.624
  480000     4.288
  481000     4.681
  482000     4.556
  483000     4.626
  484000     4.608
  485000     4.572
  486000     4.184
  487000     4.448
  488000     4.394
  489000     4.503
  490000     4.308
  491000     4.527
  492000     4.561
  493000     4.444
  494000     4.692
  495000     4.376
  496000     4.461
  497000     4.383
  498000     4.414
  499000     4.625
