       0     9.634
    1000    10.099
    2000     9.666
    3000    10.042
    4000     9.600
    5000     9.963
    6000     9.933
    7000    10.023
    8000    10.042
    9000    10.239
   10000    10.243
   11000     9.893
   12000     9.818
   13000    10.227
   14000     9.805
   15000    10.082
   16000    10.270
   17000    10.371
   18000    10.074
   19000     9.974
   20000    10.117
   21000     9.957
   22000    10.155
   23000    10.139
   24000    10.297
   25000    10.054
   26000     9.926
   27000     9.640
   28000    10.212
   29000    10.094
   30000    10.018
   31000    10.014
   32000    10.095
   33000    10.171
   34000     9.600
   35000    10.086
   36000     9.974
   37000     9.774
   38000    10.011
   39000    10.076
   40000    10.084
   41000    10.043
   42000     9.982
   43000    10.300
   44000    10.212
   45000     9.870
   46000     9.919
   47000    10.082
   48000     9.773
   49000    10.080
   50000    10.061
   51000     9.752
   52000    10.130
   53000    10.297
   54000    10.166
   55000     9.795
   56000    10.172
   57000     9.913
   58000     9.836
   59000    10.121
   60000     9.999
   61000    10.483
   62000    10.048
   63000    10.044
   64000     9.896
   65000    10.178
   66000    10.402
   67000     9.900
   68000    10.248
   69000    10.155
   70000    10.119
   71000    10.010
   72000    10.256
   73000    10.299
   74000     9.831
   75000    10.044
   76000     9.653
   77000    10.322
   78000    10.023
   79000    10.169
   80000    10.212
   81000    10.123
   82000    10.060
   83000    10.198
   84000     9.941
   85000    10.092
   86000     9.959
   87000    10.097
   88000     9.886
   89000    10.160
   90000     9.907
   91000    10.295
   92000    10.069
   93000     9.921
   94000    10.117
   95000    10.227
   96000     9.979
   97000     9.941
   98000     9.923
   99000     9.934
  100000    10.054
  101000     9.927
  102000    10.013
  103000     9.812
  104000    10.095
  105000    10.310
  106000     9.882
  107000    10.114
  108000    10.244
  109000    10.078
  110000     9.904
  111000     9.683
  112000     9.848
  113000     9.833
  114000     9.920
  115000    10.104
  116000     9.903
  117000     9.655
  118000    10.071
  119000     9.993
  120000     9.710
  121000    10.311
  122000    10.032
  123000    10.030
  124000    10.210
  125000    10.093
  126000     9.855
  127000    10.006
  128000    10.035
  129000    10.065
  130000     9.435
  131000    10.169
  132000    10.117
  133000    10.216
  134000     9.957
  135000    10.085
  136000    10.066
  137000    10.139
  138000    10.347
  139000     9.969
  140000    10.031
  141000     9.860
  142000    10.173
  143000     9.986
  144000    10.106
  145000     9.953
  146000     9.837
  147000     9.565
  148000    10.162
  149000    10.044
  150000    10.110
  151000     9.932
  152000    10.012
  153000     9.916
  154000    10.164
  155000    10.478
  156000     9.910
  157000    10.063
  158000    10.207
  159000     9.875
  160000    10.035
  161000    10.042
  162000    10.290
  163000    10.142
  164000    10.071
  165000    10.219
  166000    10.090
  167000     9.937
  168000    10.157
  169000     9.981
  170000     9.620
  171000    10.186
  172000     9.884
  173000    10.166
  174000    10.059
  175000     9.959
  176000     9.782
  177000    10.093
  178000     9.939
  179000     9.946
  180000     9.990
  181000     9.658
  182000     9.964
  183000    10.077
  184000    10.122
  185000    10.379
  186000    10.112
  187000     9.826
  188000     9.947
  189000     9.789
  190000    10.066
  191000     9.898
  192000    10.003
  193000     9.829
  194000     9.703
  195000     9.855
  196000     9.983
  197000    10.080
  198000     9.735
  199000     9.840
  200000    10.644
  201000     9.749
  202000    10.339
  203000    10.177
  204000     9.872
  205000    10.081
  206000    10.182
  207000     9.927
  208000    10.299
  209000    10.125
  210000     9.941
  211000    10.116
  212000    10.175
  213000    10.051
  214000     9.998
  215000    10.228
  216000    10.404
  217000     9.701
  218000    10.170
  219000     9.799
  220000     9.859
  221000    10.161
  222000     9.657
  223000     9.862
  224000     9.895
  225000    10.001
  226000     9.995
  227000    10.584
  228000    10.012
  229000     9.776
  230000     9.795
  231000    10.397
  232000    10.152
  233000     9.765
  234000    10.197
  235000    10.178
  236000     9.596
  237000     9.862
  238000     9.899
  239000    10.060
  240000    10.091
  241000    10.140
  242000    10.297
  243000     9.918
  244000     9.966
  245000     9.650
  246000     9.888
  247000     9.752
  248000     9.941
  249000    10.171
  250000     9.828
  251000    10.114
  252000     9.594
  253000     9.809
  254000    10.246
  255000    10.000
  256000    10.198
  257000    10.185
  258000    10.024
  259000     9.893
  260000    10.052
  261000     9.924
  262000     9.975
  263000    10.008
  264000    10.108
  265000     9.959
  266000    10.116
  267000     9.939
  268000     9.919
  269000    10.057
  270000     9.793
  271000    10.305
  272000    10.004
  273000    10.051
  274000    10.026
  275000    10.050
  276000     9.691
  277000     9.940
  278000     9.883
  279000     9.949
  280000    10.288
  281000    10.247
  282000    10.031
  283000    10.292
  284000     9.870
  285000    10.292
  286000    10.063
  287000     9.968
  288000    10.084
  289000     9.973
  290000    10.360
  291000    10.374
  292000     9.859
  293000     9.916
  294000     9.991
  295000     9.813
  296000    10.083
  297000     9.810
  298000     9.824
  299000    10.353
  300000    10.135
  301000    10.146
  302000    10.497
  303000    10.239
  304000    10.059
  305000    10.034
  306000     9.767
  307000    10.228
  308000    10.041
  309000     9.909
  310000    10.081
  311000     9.972
  312000    10.205
  313000    10.148
  314000     9.739
  315000     9.793
  316000     9.689
  317000    10.087
  318000     9.634
  319000    10.101
  320000    10.449
  321000    10.006
  322000    10.072
  323000    10.112
  324000     9.991
  325000    10.328
  326000    10.039
  327000    10.231
  328000    10.082
  329000    10.191
  330000    10.223
  331000     9.702
  332000     9.879
  333000     9.864
  334000    10.101
  335000     9.848
  336000    10.048
  337000    10.271
  338000    10.107
  339000    10.317
  340000    10.187
  341000    10.329
  342000     9.905
  343000    10.139
  344000     9.882
  345000     9.896
  346000     9.979
  347000    10.224
  348000     9.781
  349000    10.032
  350000    10.204
  351000     9.911
  352000     9.928
  353000    10.394
  354000    10.295
  355000    10.213
  356000    10.207
  357000    10.239
  358000     9.924
  359000     9.975
  360000     9.963
  361000    10.128
  362000    10.065
  363000     9.933
  364000     9.797
  365000     9.943
  366000    10.002
  367000     9.784
  368000     9.545
  369000    10.032
  370000     9.890
  371000    10.308
  372000    10.451
  373000     9.910
  374000    10.170
  375000    10.203
  376000     9.596
  377000     9.529
  378000    10.016
  379000     9.861
  380000    10.006
  381000    10.058
  382000     9.981
  383000     9.806
  384000    10.420
  385000    10.075
  386000    10.150
  387000     9.982
  388000     9.835
  389000    10.089
  390000    10.067
  391000     9.886
  392000     9.946
  393000     9.905
  394000    10.202
  395000    10.177
  396000     9.750
  397000     9.694
  398000     9.948
  399000    10.251
  400000    10.018
  401000     9.914
  402000    10.048
  403000    10.102
  404000     9.999
  405000    10.009
  406000    10.021
  407000     9.924
  408000     9.836
  409000    10.092
  410000    10.310
  411000    10.172
  412000     9.828
  413000     9.927
  414000    10.150
  415000     9.939
  416000     9.810
  417000    10.337
  418000    10.054
  419000    10.180
  420000    10.018
  421000    10.091
  422000     9.608
  423000     9.745
  424000     9.823
  425000    10.433
  426000     9.994
  427000     9.825
  428000    10.116
  429000    10.017
  430000    10.121
  431000    10.083
  432000     9.800
  433000     9.990
  434000    10.032
  435000     9.827
  436000     9.745
  437000    10.156
  438000    10.180
  439000     9.603
  440000     9.756
  441000    10.162
  442000     9.754
  443000     9.931
  444000     9.951
  445000    10.213
  446000    10.266
  447000     9.715
  448000     9.952
  449000     9.989
  450000     9.935
  451000     9.935
  452000     9.943
  453000    10.052
  454000    10.109
  455000    10.133
  456000    10.169
  457000     9.779
  458000    10.123
  459000     9.843
  460000     9.651
  461000    10.056
  462000     9.975
  463000     9.923
  464000     9.732
  465000    10.213
  466000    10.064
  467000    10.129
  468000     9.812
  469000     9.767
  470000     9.983
  471000     9.738
  472000    10.065
  473000     9.886
  474000    10.254
  475000    10.263
  476000    10.218
  477000     9.635
  478000     9.954
  479000    10.241
  480000    10.196
  481000     9.761
  482000     9.894
  483000     9.930
  484000    10.084
  485000    10.255
  486000    10.231
  487000    10.200
  488000    10.309
  489000    10.142
  490000     9.963
  491000    10.086
  492000     9.834
  493000     9.724
  494000     9.822
  495000    10.101
  496000    10.213
  497000    10.046
  498000    10.259
  499000    10.121
