106.54
107.96
107.84
107.99
107.89
107.90
107.86
107.94
107.87
107.97
107.11
106.97
106.94
106.95
106.92
106.87
106.86
107.01
107.00
106.93
106.94
106.96
106.87
106.94
106.56
106.27
106.36
106.36
106.32
106.33
104.88
104.69
104.75
104.09
104.04
104.31
103.47
103.74
103.45
103.53
103.39
103.34
103.34
103.48
103.19
102.60
102.94
102.52
103.02
101.59
102.88
102.98
103.53
102.50
103.39
103.85
103.27
102.81
103.49
102.57
103.51
102.50
102.11
103.44
102.74
102.42
102.81
102.94
102.50
102.58
103.51
103.07
103.22
103.07
102.71
103.00
103.21
103.08
103.13
102.48
101.64
102.72
103.59
103.37
103.30
102.96
103.63
103.34
102.74
102.60
102.84
102.85
102.86
102.66
103.01
102.53
103.43
103.12
103.54
103.39
