2.65
2.66
2.66
2.66
2.65
2.65
2.65
2.65
2.66
2.66
2.66
2.65
2.65
2.65
2.65
2.65
2.65
2.65
2.66
2.65
2.65
2.65
2.65
2.65
2.66
2.65
2.65
2.65
2.65
2.65
2.65
2.66
2.65
2.65
2.66
2.65
2.65
2.65
2.65
2.65
2.65
2.65
2.65
2.65
2.65
2.65
2.65
2.65
2.65
2.65
2.65
2.65
2.65
2.65
2.65
2.65
2.65
2.65
2.65
2.65
2.65
2.65
2.65
2.65
2.65
2.65
2.65
2.65
2.65
2.65
2.65
2.65
2.65
2.65
2.65
2.65
2.65
2.65
2.65
2.65
2.65
2.65
2.65
2.65
2.65
2.65
2.65
2.65
2.65
2.65
2.65
2.65
2.65
2.65
2.65
2.65
2.64
2.65
2.65
2.65
