17.26
17.19
17.32
17.30
17.26
17.16
17.34
17.24
17.26
17.27
17.28
17.27
17.14
17.23
17.33
17.30
17.19
17.28
17.36
17.23
17.25
17.36
17.26
17.19
17.22
17.34
17.30
17.26
17.33
17.29
17.25
17.25
17.25
17.39
17.23
17.21
17.27
17.25
17.35
17.22
17.26
17.32
17.27
17.32
17.24
17.34
17.27
17.26
17.35
17.17
17.33
17.29
17.27
17.28
17.13
17.37
17.38
17.18
17.36
17.08
17.38
17.37
17.23
17.26
17.29
17.33
17.30
17.29
17.27
17.28
17.32
17.20
17.39
17.25
17.31
17.24
17.28
17.24
17.22
17.27
17.43
17.31
17.28
17.24
17.25
17.31
17.29
17.32
17.30
17.25
17.33
17.35
17.26
17.36
17.29
17.19
17.40
17.30
17.23
17.29
