6.91
6.87
6.89
6.88
6.92
6.85
6.88
6.87
6.91
6.90
6.86
6.90
6.88
6.91
6.88
6.90
6.90
6.88
6.90
6.90
6.89
6.91
6.88
6.88
6.89
6.89
6.90
6.89
6.89
6.90
6.87
6.91
6.90
6.90
6.90
6.90
6.89
6.91
6.87
6.90
6.89
6.90
6.90
6.89
6.89
6.91
6.89
6.90
6.88
6.90
6.91
6.90
6.89
6.92
6.86
6.91
6.89
6.88
6.90
6.89
6.90
6.91
6.88
6.91
6.88
6.89
6.90
6.90
6.87
6.90
6.91
6.86
6.92
6.87
6.92
6.86
6.92
6.86
6.90
6.91
6.89
6.91
6.87
6.90
6.91
6.89
6.90
6.88
6.91
6.88
6.92
6.89
6.88
6.90
6.89
6.92
6.88
6.91
6.90
6.90
