4.46
4.48
4.46
4.46
4.46
4.47
4.46
4.46
4.47
4.47
4.46
4.47
4.48
4.46
4.48
4.48
4.49
4.48
4.49
4.49
4.48
4.49
4.50
4.48
4.49
4.49
4.49
4.49
4.49
4.48
4.50
4.48
4.48
4.49
4.49
4.48
4.50
4.48
4.47
4.49
4.49
4.48
4.48
4.49
4.49
4.49
4.48
4.48
4.49
4.49
4.47
4.49
4.49
4.49
4.48
4.49
4.49
4.49
4.48
4.49
4.48
4.49
4.47
4.49
4.47
4.50
4.48
4.47
4.49
4.47
4.47
4.48
4.48
4.47
4.49
4.48
4.49
4.49
4.47
4.48
4.48
4.49
4.49
4.48
4.48
4.49
4.48
4.47
4.49
4.49
4.47
4.48
4.49
4.48
4.49
4.49
4.48
4.48
4.49
4.48
