8.33
8.34
8.27
8.33
8.28
8.29
8.29
8.32
8.24
8.31
8.29
8.28
8.33
8.26
8.31
8.30
8.24
8.31
8.31
8.31
8.28
8.26
8.31
8.28
8.26
8.29
8.27
8.30
8.29
8.31
8.28
8.29
8.32
8.26
8.30
8.32
8.28
8.29
8.32
8.26
8.29
8.32
8.26
8.33
8.27
8.27
8.33
8.27
8.28
8.33
8.25
8.32
8.28
8.31
8.31
8.31
8.25
8.34
8.27
8.30
8.30
8.30
8.30
8.26
8.32
8.28
8.29
8.31
8.31
8.26
8.31
8.29
8.31
8.26
8.33
8.29
8.30
8.29
8.29
8.29
8.32
8.32
8.28
8.31
8.29
8.30
8.26
8.34
8.27
8.33
8.30
8.32
8.28
8.30
8.32
8.29
8.34
8.27
8.30
8.31
