6.06
6.05
6.06
6.04
6.07
6.05
6.06
6.04
6.06
6.06
6.06
6.04
6.07
6.02
6.07
6.04
6.05
6.05
6.05
6.06
6.06
6.05
6.05
6.05
6.04
6.06
6.07
6.04
6.07
6.06
6.06
6.06
6.06
6.08
6.06
6.07
6.08
6.07
6.05
6.05
6.08
6.05
6.06
6.08
6.07
6.04
6.08
6.07
6.04
6.07
6.07
6.07
6.05
6.07
6.06
6.05
6.06
6.07
6.04
6.08
6.03
6.08
6.05
6.06
6.07
6.06
6.06
6.08
6.07
6.05
6.07
6.07
6.07
6.06
6.07
6.08
6.07
6.06
6.08
6.05
6.08
6.07
6.08
6.05
6.06
6.06
6.09
6.06
6.08
6.04
6.08
6.06
6.08
6.05
6.07
6.05
6.07
6.07
6.05
6.05
