10.32
10.26
10.34
10.26
10.35
10.26
10.29
10.23
10.34
10.28
10.29
10.32
10.29
10.25
10.29
10.31
10.23
10.28
10.31
10.25
10.33
10.24
10.31
10.32
10.25
10.32
10.20
10.36
10.29
10.21
10.34
10.24
10.30
10.29
10.28
10.31
10.30
10.24
10.27
10.31
10.26
10.26
10.34
10.26
10.29
10.28
10.31
10.29
10.28
10.23
10.32
10.33
10.23
10.32
10.28
10.28
10.33
10.27
10.27
10.33
10.31
10.28
10.22
10.36
10.32
10.30
10.22
10.33
10.33
10.25
10.28
10.29
10.30
10.31
10.28
10.31
10.24
10.36
10.30
10.29
10.24
10.31
10.28
10.26
10.32
10.29
10.26
10.33
10.30
10.29
10.25
10.36
10.29
10.21
10.35
10.30
10.30
10.26
10.35
10.23
