587.40
651.10
650.63
648.55
645.34
648.83
650.16
650.13
558.36
649.54
649.38
649.71
650.03
650.22
650.22
650.50
650.20
650.07
650.04
650.52
649.89
632.97
650.00
651.43
650.45
644.12
650.16
650.96
650.81
651.27
650.83
650.82
651.51
650.32
648.44
650.83
651.49
651.13
651.03
651.56
650.90
645.88
651.93
651.24
650.87
650.95
649.38
651.30
650.34
650.73
650.90
650.76
649.04
648.62
651.39
650.87
651.43
645.55
649.86
650.73
639.44
648.22
640.44
638.59
635.55
642.48
643.97
643.91
640.88
642.10
643.80
643.83
643.85
643.00
639.32
643.94
640.22
644.15
644.12
643.77
643.87
643.32
641.60
640.93
641.37
638.69
633.48
643.93
643.71
643.26
642.25
639.99
644.01
639.85
644.26
643.72
638.90
643.32
643.86
642.82
