2.96
2.96
2.96
2.96
2.96
2.96
2.96
2.96
2.96
2.96
2.96
2.95
2.96
2.96
2.96
2.96
2.96
2.96
2.96
2.96
2.95
2.96
2.95
2.96
2.95
2.96
2.96
2.96
2.96
2.97
2.96
2.96
2.96
2.96
2.96
2.96
2.95
2.96
2.96
2.96
2.96
2.96
2.96
2.96
2.96
2.96
2.96
2.96
2.96
2.96
2.96
2.96
2.96
2.95
2.97
2.96
2.96
2.96
2.96
2.95
2.96
2.96
2.96
2.96
2.96
2.96
2.96
2.97
2.96
2.95
2.97
2.96
2.96
2.96
2.96
2.95
2.96
2.96
2.96
2.96
2.96
2.95
2.96
2.96
2.96
2.96
2.96
2.96
2.96
2.96
2.96
2.96
2.96
2.96
2.96
2.96
2.96
2.96
2.96
2.96
