4.89
4.88
4.95
4.89
4.90
4.87
4.91
4.90
4.90
4.90
4.89
4.89
4.89
4.90
4.90
4.91
4.92
4.91
4.93
4.92
4.90
4.92
4.91
4.93
4.91
4.91
4.92
4.92
4.92
4.91
4.92
4.91
4.90
4.91
4.93
4.92
4.92
4.92
4.91
4.92
4.91
4.93
4.91
4.93
4.91
4.92
4.92
4.90
4.92
4.92
4.92
4.92
4.92
4.90
4.93
4.90
4.91
4.91
4.92
4.90
4.92
4.92
4.91
4.89
4.92
4.90
4.91
4.89
4.92
4.90
4.90
4.90
4.91
4.92
4.92
4.89
4.91
4.90
4.92
4.90
4.90
4.91
4.90
4.92
4.90
4.92
4.90
4.90
4.92
4.90
4.90
4.92
4.89
4.91
4.91
4.89
4.92
4.90
4.93
4.89
