55.12
55.77
55.46
55.42
55.31
55.56
55.54
55.35
54.77
54.80
54.78
54.76
54.67
53.18
53.96
54.70
54.50
54.36
54.06
54.41
54.41
54.23
54.12
54.08
54.08
54.04
53.31
54.11
54.07
53.83
53.59
53.62
53.60
53.60
53.60
53.59
53.37
53.71
53.57
53.31
53.59
53.74
53.73
53.73
53.73
53.27
53.72
53.20
53.70
53.52
53.10
53.10
53.35
53.10
53.10
53.14
52.95
53.02
53.25
52.95
53.39
53.02
52.90
53.21
53.23
52.49
52.54
52.91
52.95
53.09
53.13
53.08
53.16
52.99
53.03
53.01
53.04
52.91
52.72
52.88
53.02
52.90
52.68
52.95
52.98
52.22
52.59
52.76
52.67
52.56
52.53
52.74
52.50
52.82
52.56
52.61
52.58
52.56
52.53
52.60
