3.33
3.32
3.32
3.33
3.33
3.33
3.33
3.33
3.33
3.33
3.33
3.33
3.33
3.32
3.33
3.32
3.33
3.33
3.32
3.33
3.33
3.33
3.33
3.33
3.33
3.32
3.33
3.33
3.33
3.33
3.33
3.32
3.33
3.33
3.33
3.33
3.33
3.33
3.34
3.33
3.33
3.33
3.33
3.33
3.33
3.33
3.33
3.33
3.33
3.33
3.33
3.33
3.33
3.34
3.33
3.34
3.33
3.33
3.33
3.33
3.33
3.34
3.33
3.34
3.33
3.33
3.33
3.33
3.33
3.33
3.33
3.34
3.33
3.33
3.34
3.33
3.34
3.34
3.33
3.34
3.34
3.33
3.34
3.33
3.33
3.34
3.33
3.33
3.33
3.33
3.33
3.33
3.34
3.33
3.33
3.33
3.34
3.33
3.34
3.33
