3.70
3.56
3.50
3.56
3.54
3.54
3.52
3.52
3.52
3.53
3.52
3.52
3.53
3.53
3.52
3.53
3.53
3.53
3.54
3.55
3.54
3.53
3.54
3.55
3.55
3.55
3.55
3.55
3.55
3.54
3.54
3.55
3.55
3.55
3.55
3.54
3.54
3.56
3.55
3.56
3.55
3.55
3.55
3.56
3.55
3.55
3.55
3.56
3.55
3.55
3.55
3.55
3.54
3.56
3.55
3.55
3.56
3.55
3.55
3.55
3.55
3.56
3.56
3.55
3.55
3.55
3.56
3.55
3.56
3.55
3.55
3.56
3.56
3.56
3.55
3.55
3.56
3.55
3.56
3.55
3.56
3.55
3.57
3.54
3.56
3.56
3.55
3.56
3.56
3.56
3.56
3.56
3.55
3.56
3.56
3.56
3.56
3.55
3.56
3.55
