5.43
5.40
5.42
5.40
5.42
5.40
5.41
5.42
5.41
5.41
5.40
5.42
5.41
5.43
5.40
5.41
5.41
5.41
5.42
5.40
5.42
5.40
5.41
5.42
5.43
5.41
5.44
5.44
5.43
5.42
5.43
5.44
5.41
5.44
5.43
5.43
5.42
5.44
5.43
5.41
5.43
5.44
5.42
5.42
5.43
5.43
5.43
5.41
5.44
5.41
5.43
5.43
5.44
5.43
5.41
5.44
5.42
5.43
5.44
5.43
5.42
5.43
5.44
5.43
5.42
5.44
5.43
5.41
5.44
5.43
5.44
5.42
5.44
5.42
5.44
5.42
5.44
5.43
5.43
5.43
5.41
5.44
5.41
5.43
5.41
5.42
5.42
5.41
5.43
5.40
5.44
5.42
5.41
5.42
5.44
5.43
5.43
5.41
5.43
5.43
