12.79
13.03
12.97
12.97
13.01
12.96
12.95
12.95
12.85
12.98
12.99
12.97
12.99
12.96
12.95
12.92
12.96
12.79
12.89
12.92
12.92
12.93
12.90
12.87
12.94
12.90
12.85
13.00
12.88
12.96
12.83
12.97
12.92
12.89
12.90
12.88
13.00
12.84
12.87
12.99
12.88
12.98
12.92
12.79
13.00
12.93
12.83
12.91
12.92
12.99
12.89
12.95
12.92
12.96
12.92
12.90
12.85
13.03
12.90
12.93
12.86
12.93
12.90
12.96
12.93
12.86
13.02
12.89
12.96
12.90
13.01
12.93
12.95
12.84
12.93
12.97
12.96
12.96
12.94
12.97
12.89
12.91
12.89
12.97
12.94
12.94
12.92
12.97
12.97
12.92
12.90
12.84
12.99
12.94
12.94
12.92
12.95
12.94
12.97
12.92
