25.59
26.02
25.87
25.91
25.93
25.73
25.90
25.83
25.73
26.02
25.85
25.79
25.93
25.83
25.71
25.88
25.84
25.79
25.71
25.97
25.86
25.82
25.72
25.75
25.94
25.81
25.80
25.93
25.90
25.79
25.78
25.82
25.75
25.72
25.82
25.62
25.85
25.82
25.84
25.83
25.85
25.81
25.70
25.92
25.89
25.83
25.76
25.83
25.67
25.82
25.86
25.81
25.78
25.70
25.93
25.87
25.83
25.74
25.84
25.50
26.01
25.74
25.96
25.76
25.82
25.64
25.79
25.83
25.85
25.83
25.67
25.79
25.87
25.83
25.81
25.99
25.76
25.76
25.79
25.86
25.79
25.85
25.79
25.76
25.78
25.75
25.88
25.83
25.90
25.72
25.78
25.76
25.81
25.86
25.79
25.80
25.97
25.87
25.84
25.65
