96.03
96.85
96.87
96.83
96.57
96.63
96.37
96.36
96.23
96.31
96.23
96.17
95.99
95.86
95.78
95.78
95.77
95.55
95.61
95.65
95.38
95.25
95.27
95.14
95.01
95.18
94.96
95.07
94.96
94.98
94.94
95.00
94.94
94.33
93.87
93.01
92.84
93.03
89.22
91.97
92.65
92.25
92.08
91.99
91.76
91.65
91.56
91.43
91.63
91.09
91.05
91.72
91.39
91.95
91.51
91.16
91.39
90.88
90.76
91.12
91.46
91.45
91.04
91.14
91.31
91.47
91.27
91.47
91.10
91.13
90.99
90.67
90.65
91.27
90.61
91.21
91.50
91.51
90.92
90.98
91.26
90.62
90.97
91.39
90.96
91.12
91.38
90.35
90.68
91.20
90.79
90.41
90.97
90.55
90.94
90.64
90.61
91.24
90.37
90.63
