30.86
31.44
31.30
31.26
31.28
31.27
31.09
31.45
31.18
31.34
31.26
31.10
31.52
31.18
31.22
31.11
31.45
31.35
31.29
31.29
31.13
31.27
31.51
31.30
31.11
31.34
31.37
31.26
31.48
31.37
31.24
31.19
31.07
31.46
31.27
31.30
31.22
31.48
31.24
31.10
31.10
31.39
31.40
31.32
31.18
31.45
31.19
31.25
31.10
31.15
31.21
31.35
31.33
31.26
31.08
31.20
31.27
31.14
31.25
31.21
31.30
31.10
31.25
31.36
31.33
31.21
31.38
31.29
31.21
31.20
31.16
31.28
31.10
31.20
31.24
31.25
31.10
31.47
31.30
31.17
31.11
31.22
31.15
31.12
31.38
31.25
31.28
31.17
31.43
31.12
31.33
31.28
31.27
31.15
31.10
31.14
31.37
31.10
31.25
31.38
