93.51
92.98
92.29
92.62
92.92
92.29
93.20
93.12
92.94
92.91
92.26
93.20
92.42
92.65
92.34
92.53
92.31
92.78
92.27
92.73
92.49
93.15
92.32
92.29
92.93
92.75
92.41
93.44
92.85
92.08
92.27
92.78
92.25
92.26
92.51
92.36
92.82
92.82
92.44
92.07
92.17
92.39
92.99
92.56
92.33
92.84
92.36
92.78
92.83
92.25
92.76
92.39
92.72
92.93
91.94
92.42
92.74
91.70
92.16
92.73
93.09
92.76
92.45
92.87
91.84
92.11
92.61
93.05
92.25
92.14
92.87
92.04
92.23
93.00
92.27
92.30
92.99
92.22
92.30
92.90
92.87
92.25
92.72
92.66
92.08
92.56
92.79
92.35
93.23
92.49
92.92
92.54
91.84
92.05
93.07
92.62
92.97
92.59
92.48
92.05
