19.24
19.15
19.14
19.34
19.09
19.26
19.17
19.20
19.18
19.31
19.04
19.27
19.35
19.12
19.06
19.43
19.35
19.05
19.30
19.16
19.05
19.45
19.09
19.26
19.21
19.29
19.14
19.09
19.38
19.39
19.33
19.20
19.09
19.25
19.31
19.29
19.25
19.22
19.39
19.25
19.05
19.21
19.40
19.20
19.34
19.28
19.19
19.24
19.24
19.05
19.36
19.34
19.16
19.34
19.16
19.24
19.26
19.13
19.36
19.28
19.25
19.19
19.16
19.36
19.19
19.33
19.20
19.21
19.44
19.10
19.36
19.08
19.26
19.38
19.16
19.25
19.31
19.27
19.24
19.12
19.26
19.29
19.28
19.17
19.17
19.28
19.17
19.26
19.18
19.27
19.03
19.19
19.36
19.20
19.18
19.04
19.22
19.06
19.05
19.29
