131.44
132.83
131.52
131.95
131.61
130.54
129.53
130.91
131.04
131.00
131.06
131.11
131.42
131.14
131.09
131.01
129.33
129.71
130.14
130.50
130.45
129.51
130.66
131.53
131.12
129.60
129.81
131.15
130.78
130.30
130.61
130.16
129.70
131.50
130.32
130.80
129.72
129.55
130.20
130.33
131.08
129.90
130.16
130.55
131.00
130.59
130.58
130.98
123.78
129.34
131.48
131.11
131.12
130.50
130.40
131.42
130.44
130.74
130.48
131.50
130.11
130.33
130.43
130.19
130.11
131.28
129.80
129.83
130.20
130.10
130.58
131.51
131.24
130.41
129.88
130.38
130.24
130.06
130.61
130.16
130.01
130.19
129.23
131.02
129.98
130.05
129.51
130.80
129.74
130.94
129.64
130.52
130.42
130.88
130.89
129.65
131.64
131.39
131.06
130.37
