18.00
17.98
18.10
18.08
18.03
17.99
18.12
17.93
17.95
18.01
17.92
18.00
18.05
17.93
17.99
17.97
18.07
17.99
17.98
18.06
17.99
17.94
17.95
17.93
18.00
17.96
17.99
18.00
17.95
17.97
18.00
17.99
17.98
17.95
17.93
17.93
18.05
17.97
17.94
17.93
17.98
18.00
17.94
17.98
17.98
17.93
17.98
17.94
17.96
17.93
17.96
17.98
17.96
17.93
17.96
17.98
17.95
17.94
17.92
17.97
17.97
17.96
17.95
17.92
17.92
17.95
17.96
17.93
17.93
17.93
17.95
17.96
17.96
17.96
17.94
17.93
17.93
17.97
17.95
17.99
17.93
17.94
17.92
17.96
17.99
17.96
17.98
17.95
17.93
17.94
17.93
17.92
17.93
17.93
17.94
17.96
17.94
17.93
17.92
17.95
