25.60
25.58
25.66
25.52
25.50
25.55
25.62
25.48
25.74
25.57
25.57
25.50
25.56
25.53
25.65
25.51
25.55
25.68
25.58
25.55
25.54
25.67
25.53
25.52
25.56
25.74
25.54
25.60
25.57
25.68
25.56
25.48
25.65
25.71
25.52
25.55
25.53
25.49
25.58
25.59
25.49
25.48
25.56
25.62
25.56
25.65
25.51
25.55
25.62
25.58
25.64
25.57
25.58
25.56
25.49
25.54
25.58
25.55
25.49
25.58
25.56
25.59
25.51
25.61
25.53
25.55
25.48
25.56
25.60
25.52
25.52
25.56
25.60
25.49
25.57
25.49
25.51
25.62
25.52
25.69
25.54
25.49
25.61
25.49
25.54
25.63
25.57
25.66
25.48
25.54
25.56
25.53
25.57
25.51
25.50
25.53
25.55
25.53
25.61
25.48
