34.78
34.83
34.60
35.04
35.13
34.77
34.88
34.82
34.91
34.59
35.06
34.56
34.90
35.04
35.13
34.76
34.74
34.86
34.96
35.01
34.56
34.72
35.12
34.91
34.86
34.63
35.14
34.67
34.97
35.01
34.66
35.16
34.81
34.79
34.76
35.03
34.90
35.06
34.93
34.60
35.07
34.83
34.55
35.03
34.76
35.06
34.94
34.92
34.73
34.81
34.62
34.87
34.58
35.07
35.16
35.15
34.75
34.89
34.82
34.92
35.05
34.92
34.69
34.88
34.59
34.88
35.13
35.01
34.68
35.16
35.05
34.83
34.95
34.76
34.81
34.62
34.72
35.12
35.03
34.73
35.11
34.99
34.56
35.04
34.72
34.72
34.97
34.97
34.64
34.99
34.98
34.94
34.78
34.63
35.04
34.60
35.13
35.01
34.95
34.61
