39.88
40.01
39.60
39.28
39.47
40.25
39.94
40.08
40.03
39.64
39.36
39.99
39.77
39.99
39.71
39.72
39.70
40.04
40.11
39.54
39.79
40.01
39.96
39.71
39.99
39.43
40.02
39.90
39.87
39.32
39.33
39.74
39.99
39.85
39.88
39.77
40.01
39.70
39.88
39.64
39.33
39.95
39.64
39.86
39.84
39.73
39.99
39.46
39.98
39.73
40.00
39.62
39.87
39.92
39.54
39.69
39.51
39.49
40.00
39.86
40.08
39.73
39.45
39.82
39.57
39.90
39.68
40.05
39.91
39.39
39.39
40.12
39.67
39.63
40.01
39.78
40.01
39.61
39.89
39.79
39.53
39.88
39.69
39.61
39.78
39.48
40.00
39.83
39.98
39.47
39.97
39.64
39.73
39.32
39.92
39.66
40.01
39.96
39.63
40.01
