47.12
47.21
47.10
47.38
47.31
46.98
46.58
47.24
46.86
47.24
46.75
47.30
46.63
47.25
47.12
47.34
47.23
46.94
46.92
47.11
46.87
47.21
47.20
47.31
47.06
46.90
46.98
47.03
47.02
47.04
46.63
47.20
46.79
47.18
47.10
47.30
47.11
47.30
46.86
47.02
46.62
46.41
47.20
47.35
47.15
46.77
47.25
46.80
47.16
47.20
47.20
47.07
46.69
46.77
46.96
47.25
46.71
47.10
47.32
47.31
46.89
47.00
47.05
46.87
47.00
47.30
47.39
46.67
47.19
46.87
47.03
46.90
46.88
46.99
46.95
46.90
46.47
47.37
47.26
47.14
47.18
47.16
47.09
46.79
47.25
46.70
46.64
47.06
47.07
47.00
47.19
47.27
47.04
46.80
47.22
47.25
46.92
47.28
46.93
46.79
