213.66
212.66
218.40
218.36
218.80
218.45
218.53
218.94
218.68
218.50
218.51
218.99
218.54
218.85
218.47
218.40
218.40
218.61
218.87
218.24
218.70
218.74
218.57
218.71
218.57
216.12
213.89
217.44
216.19
214.71
216.19
216.51
215.01
212.21
214.16
216.43
214.12
210.71
214.31
214.09
209.66
212.44
214.97
216.54
215.42
216.22
197.61
203.90
211.00
212.55
216.27
214.67
213.88
214.70
205.35
213.97
215.21
212.14
213.35
214.26
213.70
211.97
214.69
212.35
213.07
214.53
212.89
209.53
212.87
214.86
213.18
211.64
212.79
215.18
214.45
215.41
211.82
212.88
215.47
208.41
205.41
209.47
213.10
215.62
211.57
213.95
213.19
215.07
208.04
212.92
214.52
215.20
213.77
216.08
213.09
212.34
213.37
212.17
207.79
205.73
