23.67
23.67
23.70
23.67
23.70
23.65
23.67
23.67
23.66
23.65
23.69
23.70
23.69
23.66
23.71
23.65
23.65
23.65
23.65
23.68
23.76
23.65
23.65
23.66
23.65
23.66
23.70
23.73
23.71
23.71
23.73
23.67
23.70
23.67
23.68
23.71
23.65
23.66
23.65
23.66
23.66
23.68
23.66
23.72
23.66
23.79
23.70
23.65
23.67
23.67
23.69
23.66
23.73
23.65
23.66
23.72
23.66
23.67
23.65
23.72
23.67
23.70
23.66
23.64
23.66
23.74
23.73
23.66
23.67
23.71
23.66
23.66
23.71
23.67
23.71
23.72
23.66
23.66
23.66
23.67
23.63
23.70
23.72
23.74
23.66
23.67
23.66
23.66
23.69
23.72
23.69
23.69
23.72
23.70
23.66
23.65
23.67
23.65
23.72
23.71
