20.58
20.56
20.61
20.49
20.56
20.48
20.51
20.54
20.57
20.41
20.65
20.40
20.38
20.68
20.61
20.42
20.61
20.50
20.60
20.57
20.53
20.51
20.51
20.65
20.39
20.39
20.53
20.63
20.46
20.58
20.62
20.43
20.60
20.42
20.56
20.50
20.68
20.61
20.59
20.38
20.39
20.56
20.67
20.43
20.49
20.65
20.51
20.48
20.65
20.44
20.65
20.51
20.54
20.45
20.44
20.76
20.68
20.63
20.46
20.45
20.57
20.46
20.52
20.52
20.59
20.53
20.62
20.46
20.39
20.71
20.48
20.74
20.42
20.64
20.74
20.60
20.57
20.48
20.48
20.46
20.75
20.53
20.65
20.43
20.51
20.75
20.47
20.39
20.74
20.58
20.64
20.52
20.39
20.61
20.64
20.60
20.47
20.61
20.56
20.55
