16.92
16.92
16.93
16.94
16.93
16.92
16.93
16.94
16.92
16.92
16.92
16.91
16.91
16.92
16.93
16.91
16.92
16.93
16.92
16.92
16.93
16.92
16.91
16.92
16.94
16.93
16.92
16.91
16.91
16.93
16.93
16.91
16.91
16.91
16.93
16.92
16.92
16.93
16.94
16.93
16.92
16.91
16.92
16.92
16.92
16.92
16.91
16.92
16.91
16.91
16.94
16.92
16.84
16.92
16.92
16.93
16.91
16.92
16.92
16.91
16.91
16.91
16.92
16.91
16.92
16.92
16.91
16.91
16.91
16.92
16.91
16.92
16.92
16.92
16.94
16.92
16.93
16.92
16.92
16.92
16.92
16.93
16.92
16.92
16.92
16.92
16.91
16.92
16.91
16.91
16.91
16.92
16.91
16.91
16.91
16.91
16.91
16.92
16.92
16.91
