57.31
56.85
57.63
57.66
57.41
57.28
57.30
57.36
56.99
57.33
57.38
57.30
57.30
57.26
56.94
57.50
57.47
57.32
57.26
57.55
56.89
56.36
57.25
57.34
57.42
57.25
57.05
57.78
57.54
57.26
57.27
57.43
57.41
57.11
57.11
57.50
57.26
57.30
57.21
56.82
56.75
57.41
57.29
57.22
57.44
56.72
56.84
57.66
57.31
57.44
57.27
56.91
57.18
57.28
57.32
56.84
57.62
56.94
57.47
57.24
57.35
57.23
57.35
57.18
57.32
57.20
57.42
56.97
57.28
57.37
57.33
56.98
57.38
57.01
57.34
57.32
57.21
57.13
56.46
57.25
57.81
56.86
57.22
57.58
57.55
57.05
57.25
57.09
57.29
57.31
57.39
57.17
57.37
57.38
57.24
56.97
56.19
57.54
57.40
57.40
