15.17
15.17
15.17
15.17
15.17
15.17
15.17
15.17
15.17
15.17
15.17
15.17
15.18
15.18
15.18
15.18
15.18
15.17
15.17
15.17
15.17
15.17
15.18
15.17
15.17
15.19
15.18
15.17
15.17
15.18
15.17
15.17
15.17
15.17
15.17
15.18
15.17
15.17
15.17
15.17
15.17
15.17
15.17
15.17
15.17
15.10
15.08
15.17
15.17
15.17
15.17
15.17
15.17
15.17
15.17
15.18
15.18
15.17
15.17
15.17
15.13
15.17
15.17
15.17
15.17
15.17
15.17
15.17
15.17
15.17
15.17
15.17
15.17
15.17
15.18
15.18
15.17
15.18
15.17
15.17
15.17
15.17
15.17
15.17
15.16
15.17
15.18
15.17
15.17
15.17
15.16
15.17
15.17
15.17
15.17
15.17
15.18
15.18
15.18
15.18
