28.28
28.20
28.18
28.14
28.38
28.21
28.22
28.14
28.26
28.26
28.26
28.26
28.14
28.20
28.14
28.36
28.34
28.25
28.22
28.13
28.28
28.24
28.13
28.36
28.32
28.22
28.20
28.14
28.23
28.16
28.33
28.16
28.22
28.23
28.24
28.36
28.23
28.15
28.24
28.13
28.27
28.24
28.13
28.13
28.50
28.13
28.30
28.23
28.21
28.26
28.15
28.10
28.20
28.30
28.25
28.20
28.25
28.37
28.19
28.27
28.18
28.13
28.12
28.11
28.14
28.12
28.12
28.15
28.18
28.28
28.18
28.20
28.11
28.27
28.19
28.19
28.17
28.28
28.13
28.21
28.20
28.31
28.19
28.19
28.23
28.19
28.23
28.15
28.21
28.14
28.42
28.21
28.28
28.17
28.17
28.14
28.22
28.24
28.13
28.14
