21.85
21.84
21.86
21.86
21.85
21.89
21.85
21.86
21.86
21.86
21.85
21.90
21.86
21.86
21.86
21.87
21.87
21.85
21.86
21.85
21.85
21.91
21.90
21.85
21.88
21.86
21.86
21.85
21.85
21.86
21.86
21.85
21.85
21.86
21.86
21.86
21.86
21.89
21.87
21.87
21.86
21.94
21.89
22.00
21.96
21.96
21.86
21.85
21.96
22.03
21.95
22.08
21.98
21.87
21.99
21.90
22.13
21.95
21.98
22.02
22.02
21.91
21.86
21.92
22.01
21.90
22.07
22.03
21.85
22.13
21.97
22.14
21.92
22.03
22.05
21.88
22.17
21.97
22.05
22.05
21.87
22.09
21.93
21.91
21.99
21.90
22.13
21.96
22.04
22.12
21.93
22.05
21.98
22.08
21.91
22.19
21.99
21.86
21.98
22.00
