72.36
72.38
72.14
71.83
71.55
72.49
72.16
72.53
71.96
72.55
71.31
72.12
71.82
71.65
72.25
72.21
72.41
71.93
71.86
72.38
72.30
72.55
72.17
72.51
72.39
72.17
72.17
72.57
72.01
71.73
72.56
72.52
71.36
72.22
72.18
71.98
72.19
72.06
70.89
71.84
71.94
72.67
72.07
72.64
72.26
72.58
72.26
71.29
71.41
72.08
72.31
71.88
72.70
72.44
72.02
72.06
71.47
71.78
71.42
71.64
72.71
72.08
71.50
72.62
72.66
72.47
72.18
72.61
71.78
71.40
71.39
72.27
72.11
71.96
72.57
72.76
72.86
71.41
70.46
72.12
71.76
72.46
72.27
71.51
72.03
72.38
71.51
71.86
72.53
71.86
72.28
72.49
71.90
71.85
71.99
72.00
71.55
72.11
72.21
71.85
