16.00
15.99
16.00
15.99
16.00
16.01
16.00
16.00
15.99
16.01
15.99
16.00
16.00
16.00
16.01
16.00
16.01
16.00
16.00
16.00
16.00
16.01
16.00
16.00
16.00
15.99
16.00
16.00
16.00
16.00
15.99
16.00
16.00
16.00
16.00
16.00
16.00
16.00
16.00
16.00
16.00
15.99
16.00
15.99
16.00
16.00
16.01
16.00
16.04
16.00
16.00
16.00
16.00
16.00
16.00
16.00
15.99
16.00
15.99
16.00
16.00
16.00
16.00
16.00
16.00
15.99
16.00
15.99
16.00
16.00
16.00
16.00
16.00
16.00
16.00
16.00
16.00
16.00
16.00
16.01
16.00
16.00
16.00
16.00
16.00
16.00
16.00
16.00
16.01
16.00
16.00
16.01
16.00
16.00
16.00
16.01
16.00
16.00
16.00
16.00
