       0     4.172
    1000     4.602
    2000     4.309
    3000     4.392
    4000     4.342
    5000     4.552
    6000     4.364
    7000     4.334
    8000     4.329
    9000     4.281
   10000     4.808
   11000     4.423
   12000     4.634
   13000     4.530
   14000     4.347
   15000     4.386
   16000     4.583
   17000     4.480
   18000     4.666
   19000     4.427
   20000     4.389
   21000     4.221
   22000     4.261
   23000     4.497
   24000     4.400
   25000     4.250
   26000     4.247
   27000     4.476
   28000     4.236
   29000     4.293
   30000     4.625
   31000     4.381
   32000     4.435
   33000     4.471
   34000     4.582
   35000     4.758
   36000     4.481
   37000     4.334
   38000     4.356
   39000     4.490
   40000     4.468
   41000     4.644
   42000     4.367
   43000     4.496
   44000     4.550
   45000     4.513
   46000     4.247
   47000     4.501
   48000     4.621
   49000     4.361
   50000     4.430
   51000     4.424
   52000     4.411
   53000     4.317
   54000     4.172
   55000     4.150
   56000     4.496
   57000     4.398
   58000     4.209
   59000     4.025
   60000     4.091
   61000     4.438
   62000     4.314
   63000     4.747
   64000     4.324
   65000     4.483
   66000     4.366
   67000     4.295
   68000     4.521
   69000     4.223
   70000     4.500
   71000     4.491
   72000     4.386
   73000     4.695
   74000     4.359
   75000     4.411
   76000     4.238
   77000     4.512
   78000     4.643
   79000     4.335
   80000     4.420
   81000     4.543
   82000     4.483
   83000     4.163
   84000     4.556
   85000     4.425
   86000     4.359
   87000     4.385
   88000     4.453
   89000     4.360
   90000     4.256
   91000     4.323
   92000     4.443
   93000     4.334
   94000     4.352
   95000     4.169
   96000     4.389
   97000     4.400
   98000     4.184
   99000     4.541
  100000     4.518
  101000     4.457
  102000     4.521
  103000     4.451
  104000     4.416
  105000     4.340
  106000     4.596
  107000     4.416
  108000     4.346
  109000     4.510
  110000     4.597
  111000     4.515
  112000     4.193
  113000     4.230
  114000     4.516
  115000     4.482
  116000     4.378
  117000     4.365
  118000     4.735
  119000     4.231
  120000     4.439
  121000     4.535
  122000     4.511
  123000     4.349
  124000     4.462
  125000     4.403
  126000     4.268
  127000     4.359
  128000     4.284
  129000     4.355
  130000     4.301
  131000     4.271
  132000     4.647
  133000     4.336
  134000     4.513
  135000     4.441
  136000     4.483
  137000     4.414
  138000     4.290
  139000     4.602
  140000     4.539
  141000     4.537
  142000     4.370
  143000     4.683
  144000     4.507
  145000     4.519
  146000     4.623
  147000     4.729
  148000     4.455
  149000     4.656
  150000     4.400
  151000     4.539
  152000     4.483
  153000     4.610
  154000     4.342
  155000     4.502
  156000     4.513
  157000     4.370
  158000     4.598
  159000     4.255
  160000     4.362
  161000     4.261
  162000     4.305
  163000     4.404
  164000     4.466
  165000     4.192
  166000     4.364
  167000     4.477
  168000     4.671
  169000     4.408
  170000     4.291
  171000     4.470
  172000     4.384
  173000     4.538
  174000     4.509
  175000     4.360
  176000     4.518
  177000     4.457
  178000     4.401
  179000     4.183
  180000     4.610
  181000     4.513
  182000     4.489
  183000     4.505
  184000     4.591
  185000     4.853
  186000     4.431
  187000     4.307
  188000     4.752
  189000     4.263
  190000     4.709
  191000     4.431
  192000     4.472
  193000     4.330
  194000     4.487
  195000     4.386
  196000     4.356
  197000     4.560
  198000     4.327
  199000     4.452
  200000     4.542
  201000     4.410
  202000     4.430
  203000     4.512
  204000     4.213
  205000     4.401
  206000     4.318
  207000     4.461
  208000     4.327
  209000     4.582
  210000     4.537
  211000     4.411
  212000     4.322
  213000     4.429
  214000     4.424
  215000     4.345
  216000     4.376
  217000     4.518
  218000     4.447
  219000     4.554
  220000     4.301
  221000     4.413
  222000     4.485
  223000     4.549
  224000     4.549
  225000     4.208
  226000     4.367
  227000     4.370
  228000     4.276
  229000     4.620
  230000     4.502
  231000     4.545
  232000     4.413
  233000     4.511
  234000     4.551
  235000     4.379
  236000     4.233
  237000     4.508
  238000     4.449
  239000     4.348
  240000     4.722
  241000     4.546
  242000     4.564
  243000     4.673
  244000     4.413
  245000     4.484
  246000     4.544
  247000     4.510
  248000     4.242
  249000     4.412
  250000     4.359
  251000     4.708
  252000     4.542
  253000     4.493
  254000     4.625
  255000     4.355
  256000     4.365
  257000     4.349
  258000     4.732
  259000     4.636
  260000     4.630
  261000     4.410
  262000     4.783
  263000     4.500
  264000     4.454
  265000     4.440
  266000     4.464
  267000     4.393
  268000    72.009
  269000       nan
  270000       nan
  271000       nan
  272000       nan
  273000       nan
  274000       nan
  275000       nan
  276000       nan
  277000       nan
  278000       nan
  279000       nan
  280000       nan
  281000       nan
  282000       nan
  283000       nan
  284000       nan
  285000       nan
  286000       nan
  287000       nan
  288000       nan
  289000       nan
  290000       nan
  291000       nan
  292000       nan
  293000       nan
  294000       nan
  295000       nan
  296000       nan
  297000       nan
  298000       nan
  299000       nan
  300000       nan
  301000       nan
  302000       nan
  303000       nan
  304000       nan
  305000       nan
  306000       nan
  307000       nan
  308000       nan
  309000       nan
  310000       nan
  311000       nan
  312000       nan
  313000       nan
  314000       nan
  315000       nan
  316000       nan
  317000       nan
  318000       nan
  319000       nan
  320000       nan
  321000       nan
  322000       nan
  323000       nan
  324000       nan
  325000       nan
  326000       nan
  327000       nan
  328000       nan
  329000       nan
  330000       nan
  331000       nan
  332000       nan
  333000       nan
  334000       nan
  335000       nan
  336000       nan
  337000       nan
  338000       nan
  339000       nan
  340000       nan
  341000       nan
  342000       nan
  343000       nan
  344000       nan
  345000       nan
  346000       nan
  347000       nan
  348000       nan
  349000       nan
  350000       nan
  351000       nan
  352000       nan
  353000       nan
  354000       nan
  355000       nan
  356000       nan
  357000       nan
  358000       nan
  359000       nan
  360000       nan
  361000       nan
  362000       nan
  363000       nan
  364000       nan
  365000       nan
  366000       nan
  367000       nan
  368000       nan
  369000       nan
  370000       nan
  371000       nan
  372000       nan
  373000       nan
  374000       nan
  375000       nan
  376000       nan
  377000       nan
  378000       nan
  379000       nan
  380000       nan
  381000       nan
  382000       nan
  383000       nan
  384000       nan
  385000       nan
  386000       nan
  387000       nan
  388000       nan
  389000       nan
  390000       nan
  391000       nan
  392000       nan
  393000       nan
  394000       nan
  395000       nan
  396000       nan
  397000       nan
  398000       nan
  399000       nan
  400000       nan
  401000       nan
  402000       nan
  403000       nan
  404000       nan
  405000       nan
  406000       nan
  407000       nan
  408000       nan
  409000       nan
  410000       nan
  411000       nan
  412000       nan
  413000       nan
  414000       nan
  415000       nan
  416000       nan
  417000       nan
  418000       nan
  419000       nan
  420000       nan
  421000       nan
  422000       nan
  423000       nan
  424000       nan
  425000       nan
  426000       nan
  427000       nan
  428000       nan
  429000       nan
  430000       nan
  431000       nan
  432000       nan
  433000       nan
  434000       nan
  435000       nan
  436000       nan
  437000       nan
  438000       nan
  439000       nan
  440000       nan
  441000       nan
  442000       nan
  443000       nan
  444000       nan
  445000       nan
  446000       nan
  447000       nan
  448000       nan
  449000       nan
  450000       nan
  451000       nan
  452000       nan
  453000       nan
  454000       nan
  455000       nan
  456000       nan
  457000       nan
  458000       nan
  459000       nan
  460000       nan
  461000       nan
  462000       nan
  463000       nan
  464000       nan
  465000       nan
  466000       nan
  467000       nan
  468000       nan
  469000       nan
  470000       nan
  471000       nan
  472000       nan
  473000       nan
  474000       nan
  475000       nan
  476000       nan
  477000       nan
  478000       nan
  479000       nan
  480000       nan
  481000       nan
  482000       nan
  483000       nan
  484000       nan
  485000       nan
  486000       nan
  487000       nan
  488000       nan
  489000       nan
  490000       nan
  491000       nan
  492000       nan
  493000       nan
  494000       nan
  495000       nan
  496000       nan
  497000       nan
  498000       nan
  499000       nan
