41.91
42.00
41.97
41.98
41.92
41.91
41.91
41.91
41.61
41.41
41.42
41.42
41.41
41.41
41.41
41.41
41.44
41.46
41.46
41.45
41.45
41.46
41.46
41.46
41.46
41.46
41.45
41.46
41.46
41.44
41.44
41.44
41.39
41.14
41.14
41.14
41.14
41.14
41.14
41.15
41.14
41.14
41.14
41.14
41.13
41.14
41.14
41.14
41.13
41.13
41.13
41.14
41.13
41.14
41.13
41.12
41.13
41.13
41.13
41.14
41.13
41.13
41.14
41.14
41.14
41.14
41.14
41.14
41.13
41.13
41.13
41.13
41.12
41.14
41.14
41.13
41.13
41.14
41.14
41.14
41.14
41.14
41.14
41.13
41.14
41.14
41.14
41.14
41.13
41.13
41.14
41.14
41.13
41.14
41.14
41.13
41.14
41.14
41.14
41.13
