16.12
16.13
16.26
16.21
16.20
16.13
15.86
15.64
15.67
15.73
15.53
15.62
15.64
15.62
15.58
15.57
15.57
15.50
15.60
15.60
15.54
15.57
15.36
15.64
15.63
15.51
15.49
15.57
15.59
15.55
15.49
15.57
15.59
15.44
15.62
15.62
15.58
15.38
15.54
15.55
15.56
15.54
15.47
15.33
15.71
15.56
15.52
15.51
15.51
15.58
15.46
15.57
15.49
15.55
15.42
15.69
15.51
15.49
15.56
15.56
15.62
15.50
15.59
15.65
15.58
15.55
15.65
15.52
15.65
15.50
15.49
15.70
15.60
15.48
15.58
15.59
15.59
15.58
15.60
15.43
15.61
15.57
15.62
15.56
15.54
15.54
15.38
15.65
15.56
15.61
15.35
15.60
15.59
15.52
15.53
15.51
15.42
15.56
15.58
15.48
