       0    12.399
    1000    12.874
    2000    13.234
    3000    12.933
    4000    13.403
    5000    13.241
    6000    12.899
    7000    13.107
    8000    12.810
    9000    12.733
   10000    13.074
   11000    13.044
   12000    12.866
   13000    12.893
   14000    13.266
   15000    12.620
   16000    12.784
   17000    12.915
   18000    13.103
   19000    13.087
   20000    13.088
   21000    13.090
   22000    12.898
   23000    12.889
   24000    12.861
   25000    13.235
   26000    13.059
   27000    13.093
   28000    13.004
   29000    13.168
   30000    12.935
   31000    13.181
   32000    13.110
   33000    13.157
   34000    13.240
   35000    13.187
   36000    12.990
   37000    13.115
   38000    13.159
   39000    13.246
   40000    13.202
   41000    12.854
   42000    12.874
   43000    12.909
   44000    12.934
   45000    12.988
   46000    13.145
   47000    12.803
   48000    13.058
   49000    12.946
   50000    12.877
   51000    13.272
   52000    13.219
   53000    13.075
   54000    13.003
   55000    13.260
   56000    12.624
   57000    13.048
   58000    13.319
   59000    12.842
   60000    12.965
   61000    13.037
   62000    13.027
   63000    13.041
   64000    12.861
   65000    12.993
   66000    13.082
   67000    12.978
   68000    12.880
   69000    13.138
   70000    12.995
   71000    13.183
   72000    13.048
   73000    13.369
   74000    12.856
   75000    13.112
   76000    12.853
   77000    13.313
   78000    12.968
   79000    13.026
   80000    13.228
   81000    12.857
   82000    12.984
   83000    12.948
   84000    12.913
   85000    12.894
   86000    13.097
   87000    12.999
   88000    12.527
   89000    13.232
   90000    12.895
   91000    12.947
   92000    13.216
   93000    12.795
   94000    12.988
   95000    13.080
   96000    13.016
   97000    13.053
   98000    13.321
   99000    13.229
  100000    12.860
  101000    12.826
  102000    13.303
  103000    13.095
  104000    13.225
  105000    13.104
  106000    12.760
  107000    13.319
  108000    12.713
  109000    13.111
  110000    13.123
  111000    12.803
  112000    13.094
  113000    13.185
  114000    13.037
  115000    13.003
  116000    12.887
  117000    13.079
  118000    12.825
  119000    12.977
  120000    12.931
  121000    13.375
  122000    12.849
  123000    13.301
  124000    13.107
  125000    12.920
  126000    12.858
  127000    12.757
  128000    13.099
  129000    13.270
  130000    12.944
  131000    12.741
  132000    12.948
  133000    12.965
  134000    12.945
  135000    13.014
  136000    13.101
  137000    13.012
  138000    13.165
  139000    12.724
  140000    13.152
  141000    13.032
  142000    12.376
  143000    13.040
  144000    13.158
  145000    12.734
  146000    12.958
  147000    13.008
  148000    12.949
  149000    13.090
  150000    12.949
  151000    13.199
  152000    13.314
  153000    13.136
  154000    13.404
  155000    13.125
  156000    13.108
  157000    13.259
  158000    12.970
  159000    12.745
  160000    13.064
  161000    12.916
  162000    13.281
  163000    13.166
  164000    12.914
  165000    12.983
  166000    13.160
  167000    13.181
  168000    13.368
  169000    13.066
  170000    13.080
  171000    12.935
  172000    12.949
  173000    12.916
  174000    12.678
  175000    13.375
  176000    12.795
  177000    12.997
  178000    13.241
  179000    12.641
  180000    13.324
  181000    12.963
  182000    13.328
  183000    13.151
  184000    12.962
  185000    13.076
  186000    12.930
  187000    12.982
  188000    13.065
  189000    13.167
  190000    12.785
  191000    13.121
  192000    13.064
  193000    13.469
  194000    12.685
  195000    12.756
  196000    12.999
  197000    12.693
  198000    12.751
  199000    13.128
  200000    13.391
  201000    13.117
  202000    12.963
  203000    13.657
  204000    12.888
  205000    13.163
  206000    13.114
  207000    12.711
  208000    13.166
  209000    12.957
  210000    13.003
  211000    13.085
  212000    13.053
  213000    12.731
  214000    13.008
  215000    12.858
  216000    13.246
  217000    13.018
  218000    12.910
  219000    12.989
  220000    13.138
  221000    13.145
  222000    13.133
  223000    12.746
  224000    13.041
  225000    13.174
  226000    13.153
  227000    12.602
  228000    12.828
  229000    13.081
  230000    13.099
  231000    12.768
  232000    13.069
  233000    13.144
  234000    13.038
  235000    12.705
  236000    13.359
  237000    13.350
  238000    13.148
  239000    12.867
  240000    12.893
  241000    12.856
  242000    13.189
  243000    13.092
  244000    12.965
  245000    13.434
  246000    13.032
  247000    13.147
  248000    12.958
  249000    13.057
  250000    13.199
  251000    12.815
  252000    13.212
  253000    12.825
  254000    13.149
  255000    13.126
  256000    12.747
  257000    13.188
  258000    13.047
  259000    13.153
  260000    12.591
  261000    12.863
  262000    13.023
  263000    12.778
  264000    13.138
  265000    13.214
  266000    12.739
  267000    12.935
  268000    13.237
  269000    12.907
  270000    12.735
  271000    12.957
  272000    12.982
  273000    13.002
  274000    13.062
  275000    13.106
  276000    12.941
  277000    13.015
  278000    13.003
  279000    12.981
  280000    13.115
  281000    13.195
  282000    13.030
  283000    13.092
  284000    12.994
  285000    13.480
  286000    13.163
  287000    13.191
  288000    13.138
  289000    13.028
  290000    13.331
  291000    13.444
  292000    13.335
  293000    13.016
  294000    13.287
  295000    12.960
  296000    12.923
  297000    12.776
  298000    12.965
  299000    12.962
  300000    13.018
  301000    13.159
  302000    13.368
  303000    13.394
  304000    12.718
  305000    13.126
  306000    12.557
  307000    13.062
  308000    12.932
  309000    13.040
  310000    12.887
  311000    13.167
  312000    12.975
  313000    12.994
  314000    12.987
  315000    12.802
  316000    12.978
  317000    13.083
  318000    12.683
  319000    13.002
  320000    13.266
  321000    12.986
  322000    13.079
  323000    13.119
  324000    13.145
  325000    13.227
  326000    13.270
  327000    13.177
  328000    13.090
  329000    13.095
  330000    13.234
  331000    12.709
  332000    12.876
  333000    12.785
  334000    13.094
  335000    12.992
  336000    13.297
  337000    13.186
  338000    12.955
  339000    13.223
  340000    13.139
  341000    13.021
  342000    12.873
  343000    13.030
  344000    12.986
  345000    12.732
  346000    12.870
  347000    13.059
  348000    12.944
  349000    13.166
  350000    13.098
  351000    12.940
  352000    13.215
  353000    12.853
  354000    12.964
  355000    13.153
  356000    13.173
  357000    12.981
  358000    13.043
  359000    12.850
  360000    13.102
  361000    13.194
  362000    13.166
  363000    12.933
  364000    12.732
  365000    12.896
  366000    13.072
  367000    12.898
  368000    12.662
  369000    13.214
  370000    13.026
  371000    13.081
  372000    13.091
  373000    13.020
  374000    13.209
  375000    12.945
  376000    12.678
  377000    12.728
  378000    12.815
  379000    12.973
  380000    12.899
  381000    12.952
  382000    13.019
  383000    12.856
  384000    13.237
  385000    12.892
  386000    13.143
  387000    12.855
  388000    12.968
  389000    13.086
  390000    13.127
  391000    12.883
  392000    12.967
  393000    13.013
  394000    13.186
  395000    13.200
  396000    12.729
  397000    12.709
  398000    13.209
  399000    13.081
  400000    12.916
  401000    13.116
  402000    13.067
  403000    12.983
  404000    13.024
  405000    12.821
  406000    13.309
  407000    12.924
  408000    13.024
  409000    12.954
  410000    13.425
  411000    13.068
  412000    12.777
  413000    12.960
  414000    13.175
  415000    13.036
  416000    12.798
  417000    13.205
  418000    13.170
  419000    13.448
  420000    12.912
  421000    13.145
  422000    12.763
  423000    12.640
  424000    12.869
  425000    13.385
  426000    12.792
  427000    12.896
  428000    12.608
  429000    12.799
  430000    13.079
  431000    13.048
  432000    12.851
  433000    13.468
  434000    13.054
  435000    12.926
  436000    12.893
  437000    12.820
  438000    12.890
  439000    13.090
  440000    12.652
  441000    12.860
  442000    12.848
  443000    12.829
  444000    12.905
  445000    13.184
  446000    12.850
  447000    13.144
  448000    12.903
  449000    12.966
  450000    12.803
  451000    13.110
  452000    13.125
  453000    12.925
  454000    13.002
  455000    13.315
  456000    13.140
  457000    12.690
  458000    12.687
  459000    13.155
  460000    13.110
  461000    12.938
  462000    12.922
  463000    12.573
  464000    13.073
  465000    12.939
  466000    13.226
  467000    13.102
  468000    12.887
  469000    12.866
  470000    12.748
  471000    12.918
  472000    13.107
  473000    12.798
  474000    13.039
  475000    13.069
  476000    13.109
  477000    12.849
  478000    13.064
  479000    13.091
  480000    12.960
  481000    12.716
  482000    12.884
  483000    12.787
  484000    13.031
  485000    13.079
  486000    13.129
  487000    12.662
  488000    13.047
  489000    13.013
  490000    12.805
  491000    13.190
  492000    12.815
  493000    12.800
  494000    12.684
  495000    13.127
  496000    12.997
  497000    13.265
  498000    12.972
  499000    13.114
